<?xml version="1.0" encoding="utf-8"?>
<COLLADA xmlns="http://www.collada.org/2005/11/COLLADASchema" version="1.4.1">
  <asset>
    <contributor>
      <author>Mixamo</author>
      <authoring_tool>COLLADA Mixamo exporter</authoring_tool>
      <comments/>
    </contributor>
    <created>2022-12-10T11:47:26Z</created>
    <modified>2022-12-10T11:47:26Z</modified>
    <revision/>
    <title/>
    <unit meter="0.010000"/>
    <up_axis>Y_UP</up_axis>
  </asset>
  <library_animations>
    <animation id="mixamorig_Hips-anim" name="mixamorig_Hips">
      <source id="mixamorig_Hips-Matrix-animation-input">
        <float_array id="mixamorig_Hips-Matrix-animation-input-array" count="318">

0.000000 0.033333 0.066667 0.100000 0.133333 0.166667 0.200000 0.233333 0.266667 0.300000 0.333333 0.366667 0.400000 0.433333 0.466667 0.500000
0.533333 0.566667 0.600000 0.633333 0.666667 0.700000 0.733333 0.766667 0.800000 0.833333 0.866667 0.900000 0.933333 0.966667 1.000000 1.033333
1.066667 1.100000 1.133333 1.166667 1.200000 1.233333 1.266667 1.300000 1.333333 1.366667 1.400000 1.433333 1.466667 1.500000 1.533333 1.566667
1.600000 1.633333 1.666667 1.700000 1.733333 1.766667 1.800000 1.833333 1.866667 1.900000 1.933333 1.966667 2.000000 2.033333 2.066667 2.100000
2.133333 2.166667 2.200000 2.233333 2.266667 2.300000 2.333333 2.366667 2.400000 2.433333 2.466667 2.500000 2.533333 2.566667 2.600000 2.633333
2.666667 2.700000 2.733333 2.766667 2.800000 2.833333 2.866667 2.900000 2.933333 2.966667 3.000000 3.033333 3.066667 3.100000 3.133333 3.166667
3.200000 3.233333 3.266667 3.300000 3.333333 3.366667 3.400000 3.433333 3.466667 3.500000 3.533333 3.566667 3.600000 3.633333 3.666667 3.700000
3.733333 3.766667 3.800000 3.833333 3.866667 3.900000 3.933333 3.966667 4.000000 4.033333 4.066667 4.100000 4.133333 4.166667 4.200000 4.233333
4.266667 4.300000 4.333333 4.366667 4.400000 4.433333 4.466667 4.500000 4.533333 4.566667 4.600000 4.633333 4.666667 4.700000 4.733333 4.766667
4.800000 4.833333 4.866667 4.900000 4.933333 4.966667 5.000000 5.033333 5.066667 5.100000 5.133333 5.166667 5.200000 5.233333 5.266667 5.300000
5.333333 5.366667 5.400000 5.433333 5.466667 5.500000 5.533333 5.566667 5.600000 5.633333 5.666667 5.700000 5.733333 5.766667 5.800000 5.833333
5.866667 5.900000 5.933333 5.966667 6.000000 6.033333 6.066667 6.100000 6.133333 6.166667 6.200000 6.233333 6.266667 6.300000 6.333333 6.366667
6.400000 6.433333 6.466667 6.500000 6.533333 6.566667 6.600000 6.633333 6.666667 6.700000 6.733333 6.766667 6.800000 6.833333 6.866667 6.900000
6.933333 6.966667 7.000000 7.033333 7.066667 7.100000 7.133333 7.166667 7.200000 7.233333 7.266667 7.300000 7.333333 7.366667 7.400000 7.433333
7.466667 7.500000 7.533333 7.566667 7.600000 7.633333 7.666667 7.700000 7.733333 7.766667 7.800000 7.833333 7.866667 7.900000 7.933333 7.966667
8.000000 8.033333 8.066667 8.100000 8.133333 8.166667 8.200000 8.233333 8.266667 8.300000 8.333333 8.366667 8.400000 8.433333 8.466667 8.500000
8.533333 8.566667 8.600000 8.633333 8.666667 8.700000 8.733333 8.766667 8.800000 8.833333 8.866667 8.900000 8.933333 8.966667 9.000000 9.033333
9.066667 9.100000 9.133333 9.166667 9.200000 9.233333 9.266667 9.300000 9.333333 9.366667 9.400000 9.433333 9.466667 9.500000 9.533333 9.566667
9.600000 9.633333 9.666667 9.700000 9.733333 9.766667 9.800000 9.833333 9.866667 9.900000 9.933333 9.966667 10.000000 10.033333 10.066667 10.100000
10.133333 10.166667 10.200000 10.233333 10.266667 10.300000 10.333333 10.366667 10.400000 10.433333 10.466667 10.500000 10.533333 10.566667</float_array>
        <technique_common>
          <accessor source="#mixamorig_Hips-Matrix-animation-input-array" count="318">
            <param name="TIME" type="float"/>
          </accessor>
        </technique_common>
      </source>
      <source id="mixamorig_Hips-Matrix-animation-output-transform">
        <float_array id="mixamorig_Hips-Matrix-animation-output-transform-array" count="5088">

0.999834 -0.001895 0.018110 -0.194191 0.001467 0.999720 0.023602 207.344604 -0.018150 -0.023572 0.999557 -1.526065 0.000000 0.000000 0.000000 1.000000
0.999820 -0.002175 0.018840 -0.336783 0.001724 0.999712 0.023935 207.336166 -0.018887 -0.023898 0.999536 -1.547966 0.000000 0.000000 0.000000 1.000000
0.999803 -0.002750 0.019652 -0.489989 0.002278 0.999710 0.023969 207.311905 -0.019712 -0.023919 0.999520 -1.576009 0.000000 0.000000 0.000000 1.000000
0.999780 -0.003327 0.020705 -0.650211 0.002831 0.999709 0.023951 207.282425 -0.020779 -0.023887 0.999499 -1.609506 0.000000 0.000000 0.000000 1.000000
0.999757 -0.003521 0.021748 -0.805518 0.003004 0.999713 0.023761 207.254227 -0.021825 -0.023690 0.999481 -1.649341 0.000000 0.000000 0.000000 1.000000
0.999748 -0.003283 0.022209 -0.949059 0.002764 0.999723 0.023362 207.228638 -0.022280 -0.023295 0.999480 -1.695906 0.000000 0.000000 0.000000 1.000000
0.999762 -0.002950 0.021602 -1.090466 0.002452 0.999732 0.023027 207.199860 -0.021664 -0.022968 0.999501 -1.749342 0.000000 0.000000 0.000000 1.000000
0.999803 -0.002597 0.019702 -1.248301 0.002141 0.999730 0.023139 207.159882 -0.019757 -0.023093 0.999538 -1.812198 0.000000 0.000000 0.000000 1.000000
0.999864 -0.001964 0.016377 -1.444610 0.001572 0.999713 0.023895 207.104111 -0.016419 -0.023866 0.999580 -1.890142 0.000000 0.000000 0.000000 1.000000
0.999933 -0.001226 0.011487 -1.715188 0.000933 0.999676 0.025442 207.028687 -0.011515 -0.025430 0.999610 -1.985169 0.000000 0.000000 0.000000 1.000000
0.999986 -0.000832 0.005309 -2.109681 0.000683 0.999603 0.028183 206.932938 -0.005330 -0.028179 0.999589 -2.084367 0.000000 0.000000 0.000000 1.000000
0.999999 -0.000641 -0.000925 -2.663332 0.000670 0.999480 0.032237 206.825439 0.000903 -0.032238 0.999480 -2.156219 0.000000 0.000000 0.000000 1.000000
0.999984 -0.000163 -0.005708 -3.366840 0.000373 0.999322 0.036807 206.715469 0.005698 -0.036809 0.999306 -2.167818 0.000000 0.000000 0.000000 1.000000
0.999959 0.000975 -0.008976 -4.170231 -0.000609 0.999171 0.040708 206.609055 0.009008 -0.040701 0.999131 -2.113407 0.000000 0.000000 0.000000 1.000000
0.999915 0.003195 -0.012673 -5.014347 -0.002644 0.999061 0.043241 206.514587 0.012799 -0.043204 0.998984 -2.019162 0.000000 0.000000 0.000000 1.000000
0.999792 0.006718 -0.019280 -5.862705 -0.005861 0.999006 0.044185 206.430984 0.019558 -0.044062 0.998837 -1.918184 0.000000 0.000000 0.000000 1.000000
0.999505 0.010982 -0.029466 -6.719326 -0.009694 0.999005 0.043522 206.338196 0.029915 -0.043214 0.998618 -1.823503 0.000000 0.000000 0.000000 1.000000
0.999057 0.014854 -0.040794 -7.627099 -0.013152 0.999044 0.041684 206.218155 0.041375 -0.041108 0.998298 -1.728085 0.000000 0.000000 0.000000 1.000000
0.998639 0.017572 -0.049114 -8.632067 -0.015609 0.999075 0.040068 206.068192 0.049773 -0.039247 0.997989 -1.630361 0.000000 0.000000 0.000000 1.000000
0.998488 0.018335 -0.051822 -9.748230 -0.016219 0.999029 0.040964 205.902512 0.052523 -0.040062 0.997816 -1.541176 0.000000 0.000000 0.000000 1.000000
0.998656 0.016624 -0.049080 -10.938023 -0.014388 0.998858 0.045565 205.706635 0.049782 -0.044798 0.997755 -1.476098 0.000000 0.000000 0.000000 1.000000
0.999048 0.012854 -0.041677 -12.175584 -0.010689 0.998603 0.051753 205.479782 0.042284 -0.051258 0.997790 -1.444858 0.000000 0.000000 0.000000 1.000000
0.999528 0.008990 -0.029375 -13.472664 -0.007325 0.998385 0.056330 205.245789 0.029834 -0.056088 0.997980 -1.450449 0.000000 0.000000 0.000000 1.000000
0.999896 0.006594 -0.012810 -14.828740 -0.005818 0.998200 0.059698 205.023102 0.013181 -0.059617 0.998134 -1.480759 0.000000 0.000000 0.000000 1.000000
0.999969 0.005808 0.005235 -16.201546 -0.006132 0.997920 0.064165 204.810669 -0.004852 -0.064195 0.997926 -1.515346 0.000000 0.000000 0.000000 1.000000
0.999749 0.005929 0.021627 -17.541073 -0.007404 0.997603 0.068801 204.623413 -0.021168 -0.068943 0.997396 -1.554198 0.000000 0.000000 0.000000 1.000000
0.999387 0.005802 0.034525 -18.808361 -0.008230 0.997471 0.070601 204.478775 -0.034028 -0.070841 0.996907 -1.631797 0.000000 0.000000 0.000000 1.000000
0.999041 0.004625 0.043544 -19.999750 -0.007628 0.997582 0.069074 204.380524 -0.043119 -0.069340 0.996661 -1.792001 0.000000 0.000000 0.000000 1.000000
0.998772 0.002624 0.049479 -21.142437 -0.005934 0.997745 0.066859 204.311554 -0.049192 -0.067070 0.996535 -2.062163 0.000000 0.000000 0.000000 1.000000
0.998566 0.000024 0.053528 -22.265087 -0.003585 0.997784 0.066433 204.262634 -0.053408 -0.066530 0.996354 -2.460555 0.000000 0.000000 0.000000 1.000000
0.998417 -0.004052 0.056102 -23.384874 0.000220 0.997676 0.068141 204.277283 -0.056248 -0.068021 0.996097 -3.015381 0.000000 0.000000 0.000000 1.000000
0.998304 -0.011088 0.057150 -24.538403 0.006981 0.997411 0.071579 204.504059 -0.057795 -0.071059 0.995796 -3.750702 0.000000 0.000000 0.000000 1.000000
0.998145 -0.021261 0.057044 -25.792110 0.016865 0.996929 0.076477 205.110443 -0.058495 -0.075373 0.995438 -4.662187 0.000000 0.000000 0.000000 1.000000
0.997949 -0.030732 0.056159 -27.090172 0.026065 0.996290 0.082020 205.941437 -0.058471 -0.080388 0.995047 -5.744159 0.000000 0.000000 0.000000 1.000000
0.997836 -0.037065 0.054302 -28.289515 0.032238 0.995668 0.087209 206.694656 -0.057299 -0.085270 0.994709 -6.998894 0.000000 0.000000 0.000000 1.000000
0.997891 -0.039221 0.051732 -29.185564 0.034369 0.995206 0.091562 207.090271 -0.055075 -0.089591 0.994455 -8.349890 0.000000 0.000000 0.000000 1.000000
0.998001 -0.040437 0.048571 -29.807816 0.035668 0.994805 0.095345 207.262909 -0.052174 -0.093421 0.994259 -9.582922 0.000000 0.000000 0.000000 1.000000
0.998052 -0.044627 0.043592 -30.263977 0.040154 0.994318 0.098584 207.337830 -0.047744 -0.096641 0.994174 -10.447813 0.000000 0.000000 0.000000 1.000000
0.998053 -0.051642 0.034973 -30.589001 0.047908 0.993804 0.100294 207.397095 -0.039935 -0.098423 0.994343 -10.846343 0.000000 0.000000 0.000000 1.000000
0.997988 -0.059097 0.022978 -30.791080 0.056544 0.993456 0.099235 207.514771 -0.028692 -0.097736 0.994799 -10.883415 0.000000 0.000000 0.000000 1.000000
0.997782 -0.065539 0.011664 -30.887398 0.064124 0.993317 0.095970 207.816086 -0.017876 -0.095009 0.995316 -10.743291 0.000000 0.000000 0.000000 1.000000
0.997380 -0.072136 0.005482 -30.854759 0.071310 0.993064 0.093477 208.269058 -0.012187 -0.092841 0.995606 -10.542732 0.000000 0.000000 0.000000 1.000000
0.996723 -0.080882 0.001482 -30.647501 0.080379 0.992262 0.094638 208.486542 -0.009125 -0.094208 0.995511 -10.297837 0.000000 0.000000 0.000000 1.000000
0.995766 -0.091100 -0.012301 -30.288710 0.091870 0.990931 0.098065 207.865463 0.003256 -0.098779 0.995104 -9.941759 0.000000 0.000000 0.000000 1.000000
0.994579 -0.094767 -0.042801 -29.746845 0.098561 0.990338 0.097552 206.205338 0.033142 -0.101242 0.994310 -9.366142 0.000000 0.000000 0.000000 1.000000
0.992481 -0.094406 -0.077900 -29.260229 0.101290 0.990802 0.089733 204.415466 0.068712 -0.096949 0.992915 -8.771076 0.000000 0.000000 0.000000 1.000000
0.990593 -0.098373 -0.095120 -28.959175 0.105946 0.991298 0.078132 203.244278 0.086606 -0.087475 0.992395 -8.495315 0.000000 0.000000 0.000000 1.000000
0.990445 -0.108242 -0.085455 -28.736492 0.114369 0.990942 0.070389 202.730591 0.077062 -0.079490 0.993853 -8.714828 0.000000 0.000000 0.000000 1.000000
0.991131 -0.118471 -0.060202 -28.494471 0.122729 0.989769 0.072772 202.926300 0.050964 -0.079515 0.995530 -9.468606 0.000000 0.000000 0.000000 1.000000
0.991517 -0.124583 -0.037043 -28.358112 0.127297 0.988367 0.083226 204.307434 0.026244 -0.087235 0.995842 -10.747616 0.000000 0.000000 0.000000 1.000000
0.992143 -0.122292 -0.026414 -28.223356 0.124234 0.987939 0.092420 206.569519 0.014793 -0.094975 0.995370 -12.199896 0.000000 0.000000 0.000000 1.000000
0.992717 -0.117550 -0.026369 -27.969151 0.119540 0.988318 0.094542 208.532120 0.014948 -0.097006 0.995172 -13.337523 0.000000 0.000000 0.000000 1.000000
0.993131 -0.113758 -0.027377 -27.444324 0.115786 0.989194 0.089934 209.166458 0.016850 -0.092486 0.995571 -13.880439 0.000000 0.000000 0.000000 1.000000
0.993214 -0.114605 -0.019779 -26.649687 0.115866 0.989764 0.083321 209.029175 0.010028 -0.085047 0.996326 -14.060705 0.000000 0.000000 0.000000 1.000000
0.993109 -0.117180 -0.001700 -25.545502 0.116935 0.989864 0.080600 208.941635 -0.007762 -0.080244 0.996745 -14.274461 0.000000 0.000000 0.000000 1.000000
0.992682 -0.119169 0.019538 -24.238455 0.117125 0.989513 0.084537 208.989761 -0.029408 -0.081630 0.996229 -14.735080 0.000000 0.000000 0.000000 1.000000
0.992396 -0.118344 0.033827 -22.857454 0.114798 0.989080 0.092423 208.884903 -0.044395 -0.087837 0.995145 -15.377880 0.000000 0.000000 0.000000 1.000000
0.992638 -0.115720 0.035758 -21.516453 0.111664 0.988712 0.099902 208.785217 -0.046915 -0.095174 0.994355 -16.031059 0.000000 0.000000 0.000000 1.000000
0.993470 -0.110919 0.026742 -20.143539 0.107571 0.988687 0.104532 208.722275 -0.038034 -0.100973 0.994162 -16.558496 0.000000 0.000000 0.000000 1.000000
0.994565 -0.103402 0.012218 -18.627108 0.101557 0.989250 0.105218 208.634155 -0.022966 -0.103405 0.994374 -16.980129 0.000000 0.000000 0.000000 1.000000
0.995652 -0.093121 -0.002366 -16.888487 0.092882 0.990520 0.101206 208.407730 -0.007081 -0.100985 0.994863 -17.415424 0.000000 0.000000 0.000000 1.000000
0.996540 -0.081624 -0.015663 -14.901162 0.082743 0.992093 0.094363 208.143341 0.007837 -0.095333 0.995415 -17.966501 0.000000 0.000000 0.000000 1.000000
0.997132 -0.069324 -0.030363 -12.679461 0.071778 0.993438 0.089046 207.969620 0.023991 -0.090970 0.995565 -18.639133 0.000000 0.000000 0.000000 1.000000
0.997300 -0.054860 -0.048824 -10.232139 0.059007 0.994371 0.088000 207.826813 0.043721 -0.090643 0.994923 -19.357658 0.000000 0.000000 0.000000 1.000000
0.996819 -0.037859 -0.070135 -7.530158 0.044051 0.995060 0.088963 207.588791 0.066420 -0.091770 0.993563 -20.011765 0.000000 0.000000 0.000000 1.000000
0.995656 -0.018926 -0.091161 -4.489259 0.026766 0.995973 0.085565 207.198502 0.089174 -0.087634 0.992153 -20.520926 0.000000 0.000000 0.000000 1.000000
0.993944 -0.000136 -0.109883 -1.056337 0.008361 0.997193 0.074402 206.662048 0.109565 -0.074870 0.991156 -20.941135 0.000000 0.000000 0.000000 1.000000
0.991697 0.012605 -0.127980 2.615122 -0.004857 0.998146 0.060670 206.223343 0.128507 -0.059544 0.989919 -21.501219 0.000000 0.000000 0.000000 1.000000
0.988457 0.018000 -0.150431 6.382081 -0.010251 0.998587 0.052135 206.129272 0.151157 -0.049991 0.987245 -22.450443 0.000000 0.000000 0.000000 1.000000
0.983087 0.016630 -0.182381 10.011817 -0.007855 0.998781 0.048727 206.086777 0.182969 -0.046470 0.982020 -23.703093 0.000000 0.000000 0.000000 1.000000
0.975272 0.014447 -0.220537 13.430723 -0.005245 0.999093 0.042254 206.032928 0.220947 -0.040052 0.974463 -25.037207 0.000000 0.000000 0.000000 1.000000
0.968174 0.016803 -0.249713 16.742725 -0.009885 0.999532 0.028934 206.275528 0.250082 -0.025545 0.967888 -26.260588 0.000000 0.000000 0.000000 1.000000
0.966535 0.017385 -0.255944 19.652903 -0.013840 0.999782 0.015646 206.626617 0.256161 -0.011580 0.966565 -27.174873 0.000000 0.000000 0.000000 1.000000
0.969937 0.019519 -0.242574 22.105991 -0.017927 0.999801 0.008772 207.212524 0.242697 -0.004160 0.970093 -27.780689 0.000000 0.000000 0.000000 1.000000
0.974161 0.025594 -0.224398 24.060783 -0.024604 0.999671 0.007207 207.943619 0.224509 -0.001499 0.974471 -28.135313 0.000000 0.000000 0.000000 1.000000
0.977281 0.036562 -0.208769 25.546610 -0.035849 0.999331 0.007200 208.397644 0.208892 0.000448 0.977939 -28.281820 0.000000 0.000000 0.000000 1.000000
0.980330 0.051965 -0.190401 26.700781 -0.051540 0.998645 0.007186 208.464142 0.190516 0.002768 0.981680 -28.258139 0.000000 0.000000 0.000000 1.000000
0.984624 0.068162 -0.160839 27.624748 -0.068060 0.997662 0.006152 208.334412 0.160882 0.004889 0.986962 -28.052610 0.000000 0.000000 0.000000 1.000000
0.989740 0.081939 -0.117050 28.441895 -0.082152 0.996615 0.003006 208.229401 0.116901 0.006641 0.993121 -27.610048 0.000000 0.000000 0.000000 1.000000
0.993780 0.091992 -0.062762 29.327291 -0.092270 0.995733 -0.001552 208.221878 0.062352 0.007334 0.998027 -26.911379 0.000000 0.000000 0.000000 1.000000
0.995094 0.098649 -0.007541 30.498272 -0.098696 0.995099 -0.006091 208.304214 0.006903 0.006806 0.999953 -26.075150 0.000000 0.000000 0.000000 1.000000
0.994123 0.103007 0.033287 32.064384 -0.102726 0.994659 -0.010044 208.409424 -0.034144 0.006566 0.999395 -25.381281 0.000000 0.000000 0.000000 1.000000
0.993168 0.108339 0.043359 33.900211 -0.107923 0.994089 -0.011820 208.606186 -0.044383 0.007060 0.998990 -25.105734 0.000000 0.000000 0.000000 1.000000
0.993096 0.116020 0.017309 35.553303 -0.115897 0.993230 -0.007941 208.944794 -0.018113 0.005880 0.999819 -25.288662 0.000000 0.000000 0.000000 1.000000
0.991942 0.122719 -0.031470 36.587624 -0.122696 0.992441 0.002688 209.339050 0.031562 0.001195 0.999501 -25.688410 0.000000 0.000000 0.000000 1.000000
0.988560 0.127803 -0.080096 37.040737 -0.127018 0.991789 0.014839 209.624176 0.081335 -0.004495 0.996677 -25.963017 0.000000 0.000000 0.000000 1.000000
0.984716 0.130574 -0.115264 37.120132 -0.128855 0.991413 0.022269 209.662140 0.117182 -0.007076 0.993085 -25.933510 0.000000 0.000000 0.000000 1.000000
0.981322 0.133187 -0.138808 37.091705 -0.131147 0.991078 0.023778 209.592590 0.140737 -0.005130 0.990034 -25.658585 0.000000 0.000000 0.000000 1.000000
0.978118 0.136316 -0.157170 37.035511 -0.134553 0.990665 0.021851 209.526535 0.158681 -0.000226 0.987330 -25.273483 0.000000 0.000000 0.000000 1.000000
0.974959 0.139473 -0.173210 36.906635 -0.138368 0.990208 0.018499 209.434738 0.174094 0.005931 0.984711 -24.846825 0.000000 0.000000 0.000000 1.000000
0.971920 0.142439 -0.187302 36.700611 -0.142273 0.989723 0.014400 209.317993 0.187428 0.012652 0.982197 -24.406399 0.000000 0.000000 0.000000 1.000000
0.968922 0.145074 -0.200359 36.443901 -0.145999 0.989232 0.010234 209.234619 0.199686 0.019336 0.979669 -23.994129 0.000000 0.000000 0.000000 1.000000
0.966158 0.144872 -0.213425 35.978657 -0.146670 0.989157 0.007470 209.013901 0.212193 0.024086 0.976931 -23.606989 0.000000 0.000000 0.000000 1.000000
0.963463 0.143360 -0.226245 35.363579 -0.145562 0.989324 0.007011 208.898529 0.224835 0.026177 0.974045 -23.258688 0.000000 0.000000 0.000000 1.000000
0.961654 0.139438 -0.236174 34.580273 -0.141565 0.989897 0.008014 208.987808 0.234906 0.025727 0.971678 -22.896057 0.000000 0.000000 0.000000 1.000000
0.961909 0.131967 -0.239409 33.624207 -0.133882 0.990962 0.008317 209.256668 0.238343 0.024052 0.970883 -22.411654 0.000000 0.000000 0.000000 1.000000
0.964975 0.121565 -0.232476 32.482224 -0.123009 0.992371 0.008331 209.577698 0.231715 0.020557 0.972566 -21.669106 0.000000 0.000000 0.000000 1.000000
0.970656 0.109483 -0.214104 31.117376 -0.109460 0.993919 0.011999 209.747421 0.214116 0.011789 0.976737 -20.572834 0.000000 0.000000 0.000000 1.000000
0.977783 0.095542 -0.186578 29.544664 -0.093097 0.995417 0.021845 209.583618 0.187810 -0.003990 0.982197 -19.156492 0.000000 0.000000 0.000000 1.000000
0.984799 0.081268 -0.153515 27.870770 -0.076732 0.996428 0.035252 209.309555 0.155832 -0.022937 0.987517 -17.576969 0.000000 0.000000 0.000000 1.000000
0.991061 0.063849 -0.117141 25.950726 -0.058686 0.997169 0.047006 208.909317 0.119811 -0.039711 0.992002 -15.910605 0.000000 0.000000 0.000000 1.000000
0.995840 0.046033 -0.078630 23.765854 -0.041762 0.997605 0.055133 208.664429 0.080980 -0.051620 0.995378 -14.280689 0.000000 0.000000 0.000000 1.000000
0.998739 0.030850 -0.039597 21.391783 -0.028359 0.997673 0.062004 208.647079 0.041418 -0.060803 0.997290 -12.812935 0.000000 0.000000 0.000000 1.000000
0.999767 0.021488 -0.002193 18.991022 -0.021288 0.997431 0.068394 208.609009 0.003657 -0.068331 0.997656 -11.614431 0.000000 0.000000 0.000000 1.000000
0.999397 0.014654 0.031470 16.573404 -0.016919 0.997192 0.072954 208.681488 -0.030313 -0.073443 0.996839 -10.698554 0.000000 0.000000 0.000000 1.000000
0.998037 0.008695 0.062024 14.101557 -0.013308 0.997144 0.074345 208.667664 -0.061200 -0.075025 0.995302 -10.094709 0.000000 0.000000 0.000000 1.000000
0.995921 0.002169 0.090208 11.633710 -0.008678 0.997379 0.071831 208.438400 -0.089816 -0.072321 0.993329 -9.827015 0.000000 0.000000 0.000000 1.000000
0.993717 -0.005314 0.111791 9.405538 -0.002026 0.997854 0.065440 208.027161 -0.111899 -0.065256 0.991575 -9.880038 0.000000 0.000000 0.000000 1.000000
0.992992 -0.013873 0.117366 7.644754 0.007141 0.998315 0.057586 207.656769 -0.117967 -0.056344 0.991418 -10.123302 0.000000 0.000000 0.000000 1.000000
0.994522 -0.024824 0.101537 6.332183 0.019666 0.998480 0.051486 207.473053 -0.102661 -0.049207 0.993499 -10.330230 0.000000 0.000000 0.000000 1.000000
0.996778 -0.036817 0.071266 5.312456 0.033543 0.998350 0.046601 207.568573 -0.072864 -0.044060 0.996368 -10.338952 0.000000 0.000000 0.000000 1.000000
0.998066 -0.047865 0.039655 4.479554 0.046284 0.998132 0.039884 207.985428 -0.041490 -0.037971 0.998417 -10.179032 0.000000 0.000000 0.000000 1.000000
0.998282 -0.057530 0.011105 3.868104 0.057159 0.997875 0.031272 208.525558 -0.012881 -0.030584 0.999449 -9.992547 0.000000 0.000000 0.000000 1.000000
0.997530 -0.066182 -0.023554 3.537411 0.066755 0.997470 0.024441 208.720428 0.021877 -0.025953 0.999424 -9.790726 0.000000 0.000000 0.000000 1.000000
0.994613 -0.070288 -0.076194 3.503854 0.072122 0.997162 0.021596 208.114838 0.074460 -0.026975 0.996859 -9.375841 0.000000 0.000000 0.000000 1.000000
0.986886 -0.068883 -0.145984 3.602356 0.072675 0.997139 0.020801 206.875671 0.144134 -0.031138 0.989068 -8.599619 0.000000 0.000000 0.000000 1.000000
0.974583 -0.066144 -0.214040 3.687479 0.071663 0.997264 0.018121 205.512970 0.212256 -0.032999 0.976657 -7.609588 0.000000 0.000000 0.000000 1.000000
0.964590 -0.068008 -0.254835 3.799733 0.073575 0.997213 0.012364 204.545197 0.253284 -0.030676 0.966905 -6.770767 0.000000 0.000000 0.000000 1.000000
0.963174 -0.074499 -0.258352 4.125018 0.079226 0.996825 0.007920 204.220383 0.256941 -0.028097 0.966018 -6.327494 0.000000 0.000000 0.000000 1.000000
0.968040 -0.080633 -0.237480 4.758080 0.085267 0.996315 0.009289 204.606155 0.235855 -0.029241 0.971348 -6.279546 0.000000 0.000000 0.000000 1.000000
0.973639 -0.083563 -0.212235 5.593915 0.088684 0.995951 0.014708 205.730362 0.210147 -0.033142 0.977108 -6.484320 0.000000 0.000000 0.000000 1.000000
0.977695 -0.081969 -0.193373 6.561270 0.087312 0.995995 0.019255 207.232376 0.191020 -0.035710 0.980936 -6.699372 0.000000 0.000000 0.000000 1.000000
0.980260 -0.076994 -0.182107 7.663499 0.082286 0.996373 0.021675 208.452423 0.179777 -0.036232 0.983040 -6.716448 0.000000 0.000000 0.000000 1.000000
0.981630 -0.068910 -0.177918 8.977639 0.074511 0.996907 0.024986 208.886978 0.175646 -0.037784 0.983728 -6.377180 0.000000 0.000000 0.000000 1.000000
0.982066 -0.056124 -0.179991 10.554206 0.062936 0.997493 0.032359 208.657593 0.177723 -0.043106 0.983136 -5.668699 0.000000 0.000000 0.000000 1.000000
0.982048 -0.039622 -0.184424 12.369806 0.048493 0.997861 0.043837 208.245621 0.182293 -0.051994 0.981869 -4.702246 0.000000 0.000000 0.000000 1.000000
0.982436 -0.020775 -0.185439 14.446141 0.031832 0.997875 0.056852 207.802444 0.183864 -0.061756 0.981010 -3.620944 0.000000 0.000000 0.000000 1.000000
0.983778 -0.003118 -0.179361 16.733263 0.015552 0.997567 0.067956 207.376282 0.178713 -0.069643 0.981433 -2.582040 0.000000 0.000000 0.000000 1.000000
0.986026 0.008407 -0.166381 19.102032 0.003906 0.997285 0.073539 207.046844 0.166547 -0.073161 0.983316 -1.679602 0.000000 0.000000 0.000000 1.000000
0.988727 0.012130 -0.149237 21.445663 -0.001111 0.997280 0.073699 206.904343 0.149725 -0.072703 0.986051 -0.933223 0.000000 0.000000 0.000000 1.000000
0.991147 0.012360 -0.132189 23.804226 -0.002746 0.997353 0.072662 206.957214 0.132737 -0.071656 0.988558 -0.338656 0.000000 0.000000 0.000000 1.000000
0.992598 0.014000 -0.120634 26.242859 -0.005143 0.997288 0.073423 207.150009 0.121334 -0.072259 0.989978 0.080554 0.000000 0.000000 0.000000 1.000000
0.992792 0.018670 -0.118384 28.727808 -0.009722 0.997082 0.075715 207.428375 0.119452 -0.074019 0.990077 0.280935 0.000000 0.000000 0.000000 1.000000
0.991889 0.024602 -0.124706 31.122604 -0.014837 0.996793 0.078633 207.731750 0.126241 -0.076145 0.989073 0.244986 0.000000 0.000000 0.000000 1.000000
0.990394 0.030250 -0.134923 33.296803 -0.019339 0.996489 0.081459 207.901642 0.136914 -0.078067 0.987502 0.014064 0.000000 0.000000 0.000000 1.000000
0.988915 0.035792 -0.144103 35.216106 -0.023925 0.996241 0.083257 207.829330 0.146541 -0.078886 0.986054 -0.324210 0.000000 0.000000 0.000000 1.000000
0.987767 0.041892 -0.150202 36.940273 -0.029473 0.996032 0.083972 207.606750 0.153123 -0.078518 0.985083 -0.688596 0.000000 0.000000 0.000000 1.000000
0.986758 0.048784 -0.154689 38.526608 -0.036109 0.995835 0.083718 207.408539 0.158129 -0.077024 0.984410 -1.046411 0.000000 0.000000 0.000000 1.000000
0.985405 0.056132 -0.160704 39.958664 -0.043506 0.995761 0.081041 207.275543 0.164571 -0.072866 0.983670 -1.403246 0.000000 0.000000 0.000000 1.000000
0.983349 0.064338 -0.169958 41.241112 -0.052404 0.995895 0.073800 207.257248 0.174008 -0.063664 0.982684 -1.767209 0.000000 0.000000 0.000000 1.000000
0.980679 0.072918 -0.181528 42.420685 -0.062600 0.996115 0.061943 207.405472 0.185339 -0.049382 0.981433 -2.132263 0.000000 0.000000 0.000000 1.000000
0.977983 0.079687 -0.192869 43.507027 -0.071572 0.996246 0.048696 207.630524 0.196026 -0.033820 0.980015 -2.492264 0.000000 0.000000 0.000000 1.000000
0.976037 0.084104 -0.200696 44.498562 -0.077892 0.996212 0.038665 207.821686 0.203188 -0.022105 0.978890 -2.862931 0.000000 0.000000 0.000000 1.000000
0.975356 0.087777 -0.202427 45.411667 -0.082674 0.996012 0.033544 207.947723 0.204564 -0.015982 0.978723 -3.252357 0.000000 0.000000 0.000000 1.000000
0.975769 0.092183 -0.198439 46.252003 -0.087654 0.995653 0.031506 208.068512 0.200480 -0.013349 0.979607 -3.620744 0.000000 0.000000 0.000000 1.000000
0.976552 0.097802 -0.191785 46.984161 -0.093477 0.995123 0.031490 208.253815 0.193929 -0.012824 0.980932 -3.898868 0.000000 0.000000 0.000000 1.000000
0.977241 0.104346 -0.184693 47.574757 -0.099785 0.994433 0.033846 208.476898 0.187197 -0.014646 0.982213 -4.028921 0.000000 0.000000 0.000000 1.000000
0.977856 0.111632 -0.177021 48.043663 -0.106569 0.993583 0.037884 208.652039 0.180114 -0.018180 0.983478 -4.008938 0.000000 0.000000 0.000000 1.000000
0.978430 0.119606 -0.168432 48.427052 -0.114152 0.992586 0.041734 208.703583 0.172175 -0.021607 0.984829 -3.852785 0.000000 0.000000 0.000000 1.000000
0.978872 0.127355 -0.159967 48.715294 -0.121793 0.991573 0.044144 208.682907 0.164241 -0.023729 0.986135 -3.553732 0.000000 0.000000 0.000000 1.000000
0.979356 0.132706 -0.152481 48.878826 -0.127145 0.990831 0.045708 208.703476 0.157148 -0.025377 0.987249 -3.108000 0.000000 0.000000 0.000000 1.000000
0.980185 0.134394 -0.145517 48.938557 -0.128662 0.990519 0.048151 208.803223 0.150608 -0.028474 0.988183 -2.595649 0.000000 0.000000 0.000000 1.000000
0.981156 0.134506 -0.138712 49.005936 -0.128375 0.990347 0.052274 209.012756 0.144404 -0.033481 0.988952 -2.193935 0.000000 0.000000 0.000000 1.000000
0.981944 0.135149 -0.132369 49.143593 -0.128522 0.990042 0.057427 209.271805 0.138812 -0.039378 0.989536 -1.970068 0.000000 0.000000 0.000000 1.000000
0.982651 0.135728 -0.126392 49.291954 -0.128625 0.989703 0.062797 209.423492 0.133614 -0.045450 0.989991 -1.777435 0.000000 0.000000 0.000000 1.000000
0.983225 0.136575 -0.120895 49.459103 -0.129042 0.989297 0.068121 209.554016 0.128905 -0.051378 0.990325 -1.620470 0.000000 0.000000 0.000000 1.000000
0.983756 0.137263 -0.115686 49.627270 -0.129334 0.988873 0.073502 209.654831 0.124488 -0.057346 0.990563 -1.470557 0.000000 0.000000 0.000000 1.000000
0.984289 0.137593 -0.110645 49.785465 -0.129300 0.988457 0.078958 209.704788 0.120232 -0.063411 0.990719 -1.306779 0.000000 0.000000 0.000000 1.000000
0.984859 0.137370 -0.105743 49.921299 -0.128756 0.988077 0.084409 209.688385 0.116077 -0.069516 0.990804 -1.105868 0.000000 0.000000 0.000000 1.000000
0.985442 0.136695 -0.101089 50.032631 -0.127804 0.987729 0.089763 209.614182 0.112119 -0.075537 0.990820 -0.868951 0.000000 0.000000 0.000000 1.000000
0.985988 0.135824 -0.096849 50.124905 -0.126693 0.987390 0.094920 209.504181 0.108520 -0.081320 0.990763 -0.614385 0.000000 0.000000 0.000000 1.000000
0.986481 0.134864 -0.093101 50.201302 -0.125528 0.987061 0.099767 209.376404 0.105351 -0.086732 0.990646 -0.354424 0.000000 0.000000 0.000000 1.000000
0.986962 0.133593 -0.089769 50.251766 -0.124080 0.986774 0.104309 209.210999 0.102517 -0.091811 0.990485 -0.069875 0.000000 0.000000 0.000000 1.000000
0.987495 0.131565 -0.086861 50.258625 -0.121877 0.986571 0.108740 208.946228 0.100000 -0.096794 0.990268 0.275159 0.000000 0.000000 0.000000 1.000000
0.987938 0.129557 -0.084820 50.251137 -0.119656 0.986371 0.112939 208.649765 0.098296 -0.101427 0.989975 0.617130 0.000000 0.000000 0.000000 1.000000
0.988372 0.126841 -0.083855 50.193607 -0.116742 0.986366 0.115991 208.282288 0.097424 -0.104853 0.989704 0.997786 0.000000 0.000000 0.000000 1.000000
0.988851 0.123134 -0.083735 50.087887 -0.112994 0.986727 0.116625 207.934067 0.096984 -0.105863 0.989640 1.392883 0.000000 0.000000 0.000000 1.000000
0.989388 0.118669 -0.083834 49.949673 -0.108685 0.987400 0.115014 207.702957 0.096426 -0.104682 0.989820 1.768879 0.000000 0.000000 0.000000 1.000000
0.989774 0.114883 -0.084554 49.800354 -0.105017 0.988019 0.113095 207.610901 0.096534 -0.103059 0.989980 2.102383 0.000000 0.000000 0.000000 1.000000
0.989670 0.113690 -0.087333 49.665337 -0.103641 0.988280 0.112077 207.613953 0.099052 -0.101868 0.989854 2.415762 0.000000 0.000000 0.000000 1.000000
0.988948 0.115457 -0.093014 49.538044 -0.104956 0.988283 0.110820 207.647705 0.104719 -0.099833 0.989478 2.736893 0.000000 0.000000 0.000000 1.000000
0.987903 0.118431 -0.100113 49.370045 -0.107536 0.988317 0.108007 207.707947 0.111735 -0.095934 0.989097 3.088146 0.000000 0.000000 0.000000 1.000000
0.987123 0.120228 -0.105518 49.115940 -0.109173 0.988467 0.104947 207.795547 0.116919 -0.092076 0.988864 3.477807 0.000000 0.000000 0.000000 1.000000
0.986904 0.120621 -0.107099 48.801567 -0.109541 0.988533 0.103935 207.917526 0.118408 -0.090843 0.988801 3.888328 0.000000 0.000000 0.000000 1.000000
0.986945 0.121050 -0.106242 48.513786 -0.110005 0.988443 0.104304 208.077774 0.117640 -0.091255 0.988855 4.281783 0.000000 0.000000 0.000000 1.000000
0.986640 0.122263 -0.107668 48.329205 -0.111290 0.988474 0.102635 208.247986 0.118975 -0.089281 0.988875 4.591160 0.000000 0.000000 0.000000 1.000000
0.985561 0.124345 -0.114928 48.297199 -0.113424 0.988786 0.097146 208.419617 0.125719 -0.082707 0.988612 4.741155 0.000000 0.000000 0.000000 1.000000
0.983888 0.127227 -0.125612 48.419235 -0.116391 0.989103 0.090161 208.595886 0.135714 -0.074088 0.987974 4.707360 0.000000 0.000000 0.000000 1.000000
0.982549 0.130009 -0.133021 48.580963 -0.119346 0.989186 0.085247 208.720306 0.142665 -0.067884 0.987440 4.616278 0.000000 0.000000 0.000000 1.000000
0.982197 0.131775 -0.133884 48.612457 -0.121354 0.989112 0.083256 208.766678 0.143398 -0.065526 0.987493 4.661060 0.000000 0.000000 0.000000 1.000000
0.982439 0.133028 -0.130834 48.465015 -0.122801 0.988922 0.083383 208.826889 0.140477 -0.065852 0.987891 4.882659 0.000000 0.000000 0.000000 1.000000
0.982988 0.133837 -0.125789 48.177994 -0.123596 0.988599 0.086001 208.901596 0.135865 -0.068991 0.988322 5.290312 0.000000 0.000000 0.000000 1.000000
0.984045 0.133693 -0.117395 47.828075 -0.123317 0.988128 0.091629 208.972107 0.128251 -0.075691 0.988849 5.829193 0.000000 0.000000 0.000000 1.000000
0.985761 0.130958 -0.105474 47.439247 -0.120613 0.987737 0.099137 208.937073 0.117163 -0.085004 0.989468 6.455582 0.000000 0.000000 0.000000 1.000000
0.987634 0.125029 -0.094592 47.029144 -0.114851 0.987677 0.106318 208.732956 0.106719 -0.094139 0.989823 7.073106 0.000000 0.000000 0.000000 1.000000
0.988945 0.118010 -0.089790 46.658669 -0.107744 0.987885 0.111687 208.454697 0.101882 -0.100778 0.989679 7.549772 0.000000 0.000000 0.000000 1.000000
0.989558 0.112396 -0.090237 46.383892 -0.101698 0.988089 0.115490 208.217682 0.102143 -0.105107 0.989201 7.842884 0.000000 0.000000 0.000000 1.000000
0.989938 0.108996 -0.090240 46.241505 -0.097984 0.988098 0.118579 208.091675 0.102091 -0.108544 0.988836 7.999419 0.000000 0.000000 0.000000 1.000000
0.990565 0.106767 -0.085912 46.238731 -0.095914 0.987905 0.121833 208.065735 0.097880 -0.112444 0.988826 8.061895 0.000000 0.000000 0.000000 1.000000
0.991500 0.104267 -0.077824 46.340305 -0.093961 0.987566 0.126035 208.061905 0.089997 -0.117651 0.988968 8.028078 0.000000 0.000000 0.000000 1.000000
0.992478 0.101199 -0.068899 46.483131 -0.091629 0.987248 0.130172 208.001984 0.081193 -0.122879 0.989095 7.884836 0.000000 0.000000 0.000000 1.000000
0.993191 0.098479 -0.062232 46.617111 -0.089604 0.987176 0.132118 207.866760 0.074445 -0.125642 0.989278 7.650110 0.000000 0.000000 0.000000 1.000000
0.993513 0.097199 -0.059023 46.715515 -0.088680 0.987151 0.132927 207.695663 0.071185 -0.126831 0.989367 7.367496 0.000000 0.000000 0.000000 1.000000
0.993551 0.097978 -0.057071 46.771271 -0.089461 0.986611 0.136365 207.575302 0.069668 -0.130380 0.989013 7.059971 0.000000 0.000000 0.000000 1.000000
0.993554 0.099833 -0.053706 46.792847 -0.091372 0.985660 0.141864 207.554504 0.067099 -0.136043 0.988428 6.757663 0.000000 0.000000 0.000000 1.000000
0.993647 0.100929 -0.049789 46.789440 -0.092846 0.985187 0.144175 207.627640 0.063603 -0.138637 0.988299 6.529286 0.000000 0.000000 0.000000 1.000000
0.993731 0.101307 -0.047277 46.755898 -0.093682 0.985371 0.142365 207.814499 0.061008 -0.137044 0.988685 6.423192 0.000000 0.000000 0.000000 1.000000
0.993805 0.101617 -0.045011 46.659115 -0.094447 0.985649 0.139911 208.079590 0.058583 -0.134794 0.989140 6.445376 0.000000 0.000000 0.000000 1.000000
0.993978 0.101438 -0.041457 46.485130 -0.094881 0.985941 0.137545 208.339737 0.054826 -0.132783 0.989628 6.525045 0.000000 0.000000 0.000000 1.000000
0.994229 0.099585 -0.039895 46.231846 -0.093478 0.986657 0.133305 208.461472 0.052638 -0.128806 0.990272 6.554190 0.000000 0.000000 0.000000 1.000000
0.994222 0.097118 -0.045726 45.925808 -0.090659 0.987782 0.126762 208.476822 0.057479 -0.121884 0.990879 6.368099 0.000000 0.000000 0.000000 1.000000
0.993663 0.096217 -0.058106 45.603062 -0.088766 0.988862 0.119470 208.486572 0.068954 -0.113555 0.991136 5.922666 0.000000 0.000000 0.000000 1.000000
0.992764 0.098085 -0.069276 45.305927 -0.089878 0.989520 0.113017 208.567261 0.079636 -0.105973 0.991175 5.328652 0.000000 0.000000 0.000000 1.000000
0.992117 0.101624 -0.073327 45.041248 -0.093442 0.989804 0.107502 208.712189 0.083504 -0.099803 0.991497 4.721411 0.000000 0.000000 0.000000 1.000000
0.991909 0.104470 -0.072122 44.749592 -0.096865 0.990065 0.101928 208.834305 0.082054 -0.094118 0.992174 4.151442 0.000000 0.000000 0.000000 1.000000
0.991787 0.105762 -0.071920 44.356380 -0.098642 0.990459 0.096237 208.866486 0.081412 -0.088353 0.992757 3.580414 0.000000 0.000000 0.000000 1.000000
0.991372 0.106521 -0.076380 43.829422 -0.099404 0.990821 0.091610 208.833130 0.085437 -0.083227 0.992861 2.963432 0.000000 0.000000 0.000000 1.000000
0.990699 0.107412 -0.083529 43.162014 -0.099967 0.991027 0.088731 208.781403 0.092310 -0.079555 0.992547 2.338497 0.000000 0.000000 0.000000 1.000000
0.990207 0.108004 -0.088465 42.360123 -0.100382 0.991181 0.086508 208.720474 0.097028 -0.076781 0.992316 1.801175 0.000000 0.000000 0.000000 1.000000
0.990291 0.107604 -0.088011 41.442196 -0.100318 0.991453 0.083412 208.632355 0.096234 -0.073773 0.992621 1.407480 0.000000 0.000000 0.000000 1.000000
0.991008 0.105529 -0.082264 40.426548 -0.098979 0.991867 0.080017 208.516388 0.090039 -0.071155 0.993393 1.152117 0.000000 0.000000 0.000000 1.000000
0.992256 0.100961 -0.072352 39.318733 -0.095203 0.992314 0.079056 208.393906 0.079778 -0.071556 0.994241 1.015491 0.000000 0.000000 0.000000 1.000000
0.993887 0.093648 -0.058465 38.122467 -0.088677 0.992638 0.082498 208.280045 0.065760 -0.076809 0.994875 0.981253 0.000000 0.000000 0.000000 1.000000
0.995603 0.084265 -0.040916 36.848469 -0.080335 0.992723 0.089711 208.148132 0.048178 -0.086029 0.995127 1.064786 0.000000 0.000000 0.000000 1.000000
0.996983 0.074160 -0.022905 35.500557 -0.071575 0.992581 0.098286 207.993362 0.030024 -0.096350 0.994895 1.285948 0.000000 0.000000 0.000000 1.000000
0.997888 0.064095 -0.010598 34.044109 -0.062637 0.992514 0.104850 207.832794 0.017239 -0.103964 0.994432 1.608727 0.000000 0.000000 0.000000 1.000000
0.998503 0.054065 -0.008305 32.445644 -0.052883 0.992956 0.106028 207.696686 0.013978 -0.105430 0.994328 1.954455 0.000000 0.000000 0.000000 1.000000
0.998935 0.043796 -0.014502 30.682379 -0.042103 0.993942 0.101523 207.561371 0.018860 -0.100804 0.994727 2.224761 0.000000 0.000000 0.000000 1.000000
0.999152 0.033462 -0.023975 28.760019 -0.031047 0.995004 0.094888 207.394745 0.027031 -0.094063 0.995199 2.351737 0.000000 0.000000 0.000000 1.000000
0.999162 0.022902 -0.033926 26.674627 -0.019795 0.995815 0.089222 207.241913 0.035828 -0.088476 0.995434 2.337573 0.000000 0.000000 0.000000 1.000000
0.998848 0.011578 -0.046577 24.369299 -0.007630 0.996432 0.084058 207.195847 0.047384 -0.083605 0.995372 2.205822 0.000000 0.000000 0.000000 1.000000
0.997890 0.001665 -0.064903 21.808014 0.003447 0.996902 0.078584 207.356140 0.064833 -0.078642 0.994793 1.944441 0.000000 0.000000 0.000000 1.000000
0.996074 -0.003310 -0.088467 19.012529 0.009931 0.997171 0.074507 207.645966 0.087971 -0.075093 0.993289 1.491174 0.000000 0.000000 0.000000 1.000000
0.993562 -0.003671 -0.113226 16.083273 0.011917 0.997316 0.072236 207.797195 0.112657 -0.073120 0.990940 0.782944 0.000000 0.000000 0.000000 1.000000
0.991137 -0.000367 -0.132846 13.214889 0.009467 0.997649 0.067878 207.720734 0.132509 -0.068534 0.988810 -0.166219 0.000000 0.000000 0.000000 1.000000
0.989725 0.001063 -0.142981 10.461182 0.007379 0.998260 0.058499 207.581833 0.142795 -0.058953 0.987995 -1.324937 0.000000 0.000000 0.000000 1.000000
0.989482 -0.002474 -0.144634 7.791135 0.009223 0.998898 0.046015 207.497009 0.144360 -0.046865 0.988415 -2.680165 0.000000 0.000000 0.000000 1.000000
0.989631 -0.011441 -0.143176 5.245372 0.016405 0.999303 0.033533 207.414322 0.142693 -0.035534 0.989129 -4.171327 0.000000 0.000000 0.000000 1.000000
0.989398 -0.023790 -0.143264 3.022475 0.027067 0.999414 0.020962 207.375183 0.142682 -0.024618 0.989462 -5.618016 0.000000 0.000000 0.000000 1.000000
0.988620 -0.037564 -0.145670 1.250475 0.039178 0.999198 0.008225 207.428452 0.145244 -0.013839 0.989299 -6.838378 0.000000 0.000000 0.000000 1.000000
0.987691 -0.050764 -0.147949 -0.136268 0.051063 0.998694 -0.001775 207.599274 0.147846 -0.005802 0.988993 -7.757950 0.000000 0.000000 0.000000 1.000000
0.987196 -0.062793 -0.146629 -1.304273 0.062512 0.998023 -0.006530 207.866684 0.146749 -0.002720 0.989170 -8.419389 0.000000 0.000000 0.000000 1.000000
0.987449 -0.074965 -0.139010 -2.362271 0.074782 0.997178 -0.006548 208.262650 0.139109 -0.003930 0.990269 -8.932205 0.000000 0.000000 0.000000 1.000000
0.988313 -0.088749 -0.123939 -3.317339 0.088999 0.996025 -0.003527 208.799698 0.123759 -0.007545 0.992284 -9.376233 0.000000 0.000000 0.000000 1.000000
0.989210 -0.104014 -0.103173 -4.129383 0.104757 0.994496 0.001792 209.303802 0.102419 -0.012581 0.994662 -9.731033 0.000000 0.000000 0.000000 1.000000
0.989571 -0.117307 -0.083591 -4.775532 0.118521 0.992904 0.009697 209.414078 0.081861 -0.019503 0.996453 -9.871340 0.000000 0.000000 0.000000 1.000000
0.989333 -0.125307 -0.074279 -5.324762 0.127090 0.991694 0.019757 208.878571 0.071186 -0.028986 0.997042 -9.701607 0.000000 0.000000 0.000000 1.000000
0.989144 -0.125017 -0.077234 -5.729578 0.127491 0.991446 0.027958 207.526611 0.073078 -0.037501 0.996621 -9.162851 0.000000 0.000000 0.000000 1.000000
