<?xml version="1.0" encoding="utf-8"?>
<COLLADA xmlns="http://www.collada.org/2005/11/COLLADASchema" version="1.4.1">
  <asset>
    <contributor>
      <author>Mixamo</author>
      <authoring_tool>COLLADA Mixamo exporter</authoring_tool>
      <comments/>
    </contributor>
    <created>2022-12-10T13:50:22Z</created>
    <modified>2022-12-10T13:50:22Z</modified>
    <revision/>
    <title/>
    <unit meter="0.010000"/>
    <up_axis>Y_UP</up_axis>
  </asset>
  <library_animations>
    <animation id="mixamorig_Hips-anim" name="mixamorig_Hips">
      <source id="mixamorig_Hips-Matrix-animation-input">
        <float_array id="mixamorig_Hips-Matrix-animation-input-array" count="187">

0.000000 0.033333 0.066667 0.100000 0.133333 0.166667 0.200000 0.233333 0.266667 0.300000 0.333333 0.366667 0.400000 0.433333 0.466667 0.500000
0.533333 0.566667 0.600000 0.633333 0.666667 0.700000 0.733333 0.766667 0.800000 0.833333 0.866667 0.900000 0.933333 0.966667 1.000000 1.033333
1.066667 1.100000 1.133333 1.166667 1.200000 1.233333 1.266667 1.300000 1.333333 1.366667 1.400000 1.433333 1.466667 1.500000 1.533333 1.566667
1.600000 1.633333 1.666667 1.700000 1.733333 1.766667 1.800000 1.833333 1.866667 1.900000 1.933333 1.966667 2.000000 2.033333 2.066667 2.100000
2.133333 2.166667 2.200000 2.233333 2.266667 2.300000 2.333333 2.366667 2.400000 2.433333 2.466667 2.500000 2.533333 2.566667 2.600000 2.633333
2.666667 2.700000 2.733333 2.766667 2.800000 2.833333 2.866667 2.900000 2.933333 2.966667 3.000000 3.033333 3.066667 3.100000 3.133333 3.166667
3.200000 3.233333 3.266667 3.300000 3.333333 3.366667 3.400000 3.433333 3.466667 3.500000 3.533333 3.566667 3.600000 3.633333 3.666667 3.700000
3.733333 3.766667 3.800000 3.833333 3.866667 3.900000 3.933333 3.966667 4.000000 4.033333 4.066667 4.100000 4.133333 4.166667 4.200000 4.233333
4.266667 4.300000 4.333333 4.366667 4.400000 4.433333 4.466667 4.500000 4.533333 4.566667 4.600000 4.633333 4.666667 4.700000 4.733333 4.766667
4.800000 4.833333 4.866667 4.900000 4.933333 4.966667 5.000000 5.033333 5.066667 5.100000 5.133333 5.166667 5.200000 5.233333 5.266667 5.300000
5.333333 5.366667 5.400000 5.433333 5.466667 5.500000 5.533333 5.566667 5.600000 5.633333 5.666667 5.700000 5.733333 5.766667 5.800000 5.833333
5.866667 5.900000 5.933333 5.966667 6.000000 6.033333 6.066667 6.100000 6.133333 6.166667 6.200000</float_array>
        <technique_common>
          <accessor source="#mixamorig_Hips-Matrix-animation-input-array" count="187">
            <param name="TIME" type="float"/>
          </accessor>
        </technique_common>
      </source>
      <source id="mixamorig_Hips-Matrix-animation-output-transform">
        <float_array id="mixamorig_Hips-Matrix-animation-output-transform-array" count="2992">

0.997578 -0.038251 0.058101 -0.143514 0.034530 0.997368 0.063752 94.381622 -0.060387 -0.061591 0.996273 -0.361134 0.000000 0.000000 0.000000 1.000000
0.997355 -0.039213 0.061196 -0.134309 0.035295 0.997336 0.063841 94.383507 -0.063536 -0.061512 0.996082 -0.324724 0.000000 0.000000 0.000000 1.000000
0.997066 -0.040621 0.064885 -0.113097 0.036461 0.997280 0.064055 94.386673 -0.067311 -0.061501 0.995835 -0.284168 0.000000 0.000000 0.000000 1.000000
0.996720 -0.042033 0.069153 -0.091328 0.037578 0.997209 0.064510 94.389015 -0.071672 -0.061700 0.995518 -0.232772 0.000000 0.000000 0.000000 1.000000
0.996288 -0.043674 0.074183 -0.066323 0.038891 0.997144 0.064735 94.389534 -0.076798 -0.061610 0.995141 -0.186319 0.000000 0.000000 0.000000 1.000000
0.995791 -0.045485 0.079576 -0.030503 0.040398 0.997105 0.064411 94.385490 -0.082275 -0.060925 0.994746 -0.146383 0.000000 0.000000 0.000000 1.000000
0.995223 -0.047116 0.085508 0.003333 0.041663 0.997049 0.064476 94.383400 -0.088294 -0.060606 0.994249 -0.115241 0.000000 0.000000 0.000000 1.000000
0.994613 -0.048707 0.091499 0.039348 0.042903 0.997004 0.064357 94.382202 -0.094360 -0.060085 0.993723 -0.090860 0.000000 0.000000 0.000000 1.000000
0.993972 -0.050289 0.097425 0.086254 0.044239 0.997014 0.063293 94.382935 -0.100317 -0.058602 0.993228 -0.087892 0.000000 0.000000 0.000000 1.000000
0.993196 -0.052056 0.104174 0.136181 0.045814 0.997059 0.061444 94.383057 -0.107066 -0.056253 0.992659 -0.089727 0.000000 0.000000 0.000000 1.000000
0.992101 -0.054443 0.113011 0.190200 0.048160 0.997178 0.057599 94.381447 -0.115828 -0.051701 0.991923 -0.113761 0.000000 0.000000 0.000000 1.000000
0.991052 -0.056126 0.121099 0.237187 0.049799 0.997262 0.054660 94.389969 -0.123835 -0.048141 0.991134 -0.176359 0.000000 0.000000 0.000000 1.000000
0.989941 -0.057704 0.129182 0.295088 0.051509 0.997380 0.050797 94.402557 -0.131774 -0.043632 0.990319 -0.293164 0.000000 0.000000 0.000000 1.000000
0.988433 -0.059814 0.139365 0.343879 0.053838 0.997477 0.046266 94.410500 -0.141781 -0.038228 0.989160 -0.447311 0.000000 0.000000 0.000000 1.000000
0.986892 -0.061385 0.149254 0.395140 0.055878 0.997603 0.040819 94.425606 -0.151402 -0.031944 0.987956 -0.642350 0.000000 0.000000 0.000000 1.000000
0.985134 -0.063057 0.159798 0.447644 0.058054 0.997672 0.035791 94.441811 -0.161683 -0.025982 0.986501 -0.876092 0.000000 0.000000 0.000000 1.000000
0.983253 -0.064653 0.170395 0.501712 0.060304 0.997712 0.030579 94.456772 -0.171982 -0.019792 0.984901 -1.126691 0.000000 0.000000 0.000000 1.000000
0.981016 -0.066550 0.182150 0.558730 0.062708 0.997673 0.026778 94.472275 -0.183508 -0.014847 0.982906 -1.365854 0.000000 0.000000 0.000000 1.000000
0.978131 -0.069139 0.196161 0.600137 0.066262 0.997577 0.021202 94.487656 -0.197152 -0.007741 0.980342 -1.591828 0.000000 0.000000 0.000000 1.000000
0.974436 -0.071508 0.212980 0.650755 0.069867 0.997440 0.015231 94.507874 -0.213524 0.000038 0.976938 -1.817098 0.000000 0.000000 0.000000 1.000000
0.969939 -0.073718 0.231914 0.694981 0.073534 0.997248 0.009452 94.518799 -0.231972 0.007886 0.972690 -2.007681 0.000000 0.000000 0.000000 1.000000
0.964589 -0.076011 0.252569 0.731016 0.077275 0.996998 0.004923 94.527840 -0.252185 0.014768 0.967566 -2.163562 0.000000 0.000000 0.000000 1.000000
0.958345 -0.077775 0.274818 0.750692 0.080575 0.996748 0.001102 94.549339 -0.274010 0.021087 0.961496 -2.278535 0.000000 0.000000 0.000000 1.000000
0.951242 -0.078786 0.298213 0.747277 0.083453 0.996507 -0.002928 94.567642 -0.296941 0.027672 0.954495 -2.364882 0.000000 0.000000 0.000000 1.000000
0.944079 -0.078916 0.320136 0.715688 0.085268 0.996341 -0.005847 94.580765 -0.318503 0.032817 0.947353 -2.401144 0.000000 0.000000 0.000000 1.000000
0.937066 -0.078123 0.340299 0.684283 0.086086 0.996253 -0.008339 94.594360 -0.338372 0.037109 0.940280 -2.420387 0.000000 0.000000 0.000000 1.000000
0.930040 -0.076604 0.359386 0.646721 0.086437 0.996193 -0.011346 94.606651 -0.357148 0.041617 0.933120 -2.436124 0.000000 0.000000 0.000000 1.000000
0.923630 -0.073745 0.376125 0.591552 0.085897 0.996182 -0.015614 94.615059 -0.373537 0.046730 0.926437 -2.444266 0.000000 0.000000 0.000000 1.000000
0.917452 -0.070313 0.391585 0.524761 0.085019 0.996172 -0.020321 94.617310 -0.388657 0.051935 0.919918 -2.461772 0.000000 0.000000 0.000000 1.000000
0.911865 -0.066632 0.405046 0.459944 0.083836 0.996169 -0.024863 94.616730 -0.401838 0.056630 0.913958 -2.481144 0.000000 0.000000 0.000000 1.000000
0.906967 -0.063078 0.416452 0.395807 0.083032 0.996096 -0.029958 94.612053 -0.412937 0.061750 0.908664 -2.511646 0.000000 0.000000 0.000000 1.000000
0.902824 -0.059813 0.425829 0.329974 0.082643 0.995953 -0.035321 94.606743 -0.421993 0.067080 0.904114 -2.542386 0.000000 0.000000 0.000000 1.000000
0.900090 -0.056891 0.431974 0.276588 0.082163 0.995814 -0.040053 94.606224 -0.427887 0.071544 0.900996 -2.559837 0.000000 0.000000 0.000000 1.000000
0.898700 -0.055002 0.435102 0.245612 0.082221 0.995644 -0.043967 94.605537 -0.430788 0.075288 0.899307 -2.527203 0.000000 0.000000 0.000000 1.000000
0.897696 -0.054410 0.437242 0.229558 0.082702 0.995516 -0.045913 94.610031 -0.432783 0.077377 0.898171 -2.432191 0.000000 0.000000 0.000000 1.000000
0.897605 -0.054502 0.437417 0.228485 0.083510 0.995382 -0.047343 94.611359 -0.432817 0.079024 0.898012 -2.271289 0.000000 0.000000 0.000000 1.000000
0.899303 -0.054799 0.433879 0.239354 0.084217 0.995249 -0.048859 94.600410 -0.429140 0.080479 0.899645 -2.090250 0.000000 0.000000 0.000000 1.000000
0.902726 -0.055267 0.426652 0.269046 0.084253 0.995222 -0.049346 94.604271 -0.421886 0.080493 0.903069 -1.884679 0.000000 0.000000 0.000000 1.000000
0.907591 -0.055514 0.416168 0.304878 0.084097 0.995169 -0.050651 94.607384 -0.411346 0.080968 0.907876 -1.689265 0.000000 0.000000 0.000000 1.000000
0.912901 -0.056256 0.404285 0.323378 0.083828 0.995184 -0.050810 94.616035 -0.399479 0.080275 0.913221 -1.501648 0.000000 0.000000 0.000000 1.000000
0.919263 -0.056330 0.389593 0.359300 0.082848 0.995226 -0.051589 94.638794 -0.384827 0.079701 0.919541 -1.323192 0.000000 0.000000 0.000000 1.000000
0.926326 -0.055645 0.372592 0.411819 0.081256 0.995263 -0.053376 94.652939 -0.367857 0.079718 0.926459 -1.154804 0.000000 0.000000 0.000000 1.000000
0.932824 -0.055914 0.355967 0.463545 0.080519 0.995253 -0.054671 94.653580 -0.351220 0.079660 0.932898 -1.009687 0.000000 0.000000 0.000000 1.000000
0.939563 -0.056285 0.337719 0.535684 0.079407 0.995322 -0.055033 94.652817 -0.333041 0.078524 0.939637 -0.868248 0.000000 0.000000 0.000000 1.000000
0.946157 -0.056898 0.318667 0.605422 0.078090 0.995477 -0.054115 94.657166 -0.314147 0.076086 0.946321 -0.740602 0.000000 0.000000 0.000000 1.000000
0.952258 -0.058047 0.299726 0.671231 0.077036 0.995675 -0.051922 94.666443 -0.295416 0.072532 0.952611 -0.648293 0.000000 0.000000 0.000000 1.000000
0.958302 -0.058624 0.279678 0.730723 0.075368 0.995927 -0.049485 94.680481 -0.275638 0.068501 0.958818 -0.579335 0.000000 0.000000 0.000000 1.000000
0.963905 -0.058710 0.259694 0.775424 0.073536 0.996149 -0.047740 94.702133 -0.255891 0.065114 0.964510 -0.554136 0.000000 0.000000 0.000000 1.000000
0.969143 -0.058690 0.239411 0.805374 0.071094 0.996521 -0.043500 94.723640 -0.236025 0.059178 0.969943 -0.535989 0.000000 0.000000 0.000000 1.000000
0.973902 -0.058394 0.219330 0.818523 0.068683 0.996853 -0.039577 94.739342 -0.216329 0.053608 0.974848 -0.542593 0.000000 0.000000 0.000000 1.000000
0.977935 -0.057372 0.200876 0.828620 0.066314 0.997072 -0.038065 94.748947 -0.198104 0.050546 0.978877 -0.545899 0.000000 0.000000 0.000000 1.000000
0.980984 -0.056195 0.185778 0.808733 0.063699 0.997367 -0.034667 94.752396 -0.183340 0.045842 0.981980 -0.545197 0.000000 0.000000 0.000000 1.000000
0.984340 -0.053498 0.167964 0.742622 0.059212 0.997818 -0.029192 94.764427 -0.166036 0.038681 0.985361 -0.537507 0.000000 0.000000 0.000000 1.000000
0.986881 -0.051303 0.153080 0.664931 0.055750 0.998134 -0.024898 94.776398 -0.151517 0.033106 0.987900 -0.496240 0.000000 0.000000 0.000000 1.000000
0.989127 -0.048699 0.138768 0.576613 0.052159 0.998409 -0.021404 94.781387 -0.137505 0.028409 0.990094 -0.428228 0.000000 0.000000 0.000000 1.000000
0.991278 -0.045930 0.123528 0.485209 0.048450 0.998673 -0.017468 94.776772 -0.122562 0.023301 0.992187 -0.339642 0.000000 0.000000 0.000000 1.000000
0.993107 -0.043941 0.108660 0.405922 0.045573 0.998882 -0.012578 94.759567 -0.107986 0.017443 0.993999 -0.246866 0.000000 0.000000 0.000000 1.000000
0.994531 -0.042708 0.095311 0.353332 0.043582 0.999025 -0.007105 94.724632 -0.094915 0.011220 0.995422 -0.164715 0.000000 0.000000 0.000000 1.000000
0.995620 -0.042567 0.083236 0.327474 0.042692 0.999088 0.000280 94.679832 -0.083172 0.003275 0.996530 -0.086589 0.000000 0.000000 0.000000 1.000000
0.996541 -0.043494 0.070809 0.308018 0.043050 0.999043 0.007785 94.632317 -0.071080 -0.004710 0.997460 -0.002018 0.000000 0.000000 0.000000 1.000000
0.997341 -0.043849 0.058203 0.302199 0.043243 0.998997 0.011627 94.586006 -0.058654 -0.009079 0.998237 0.057330 0.000000 0.000000 0.000000 1.000000
0.997988 -0.043897 0.045744 0.304235 0.043350 0.998977 0.012880 94.536285 -0.046262 -0.010871 0.998870 0.108354 0.000000 0.000000 0.000000 1.000000
0.998435 -0.043079 0.035652 0.308673 0.042615 0.998998 0.013662 94.501083 -0.036204 -0.012121 0.999271 0.123395 0.000000 0.000000 0.000000 1.000000
0.998793 -0.040886 0.027212 0.326407 0.040532 0.999088 0.013444 94.482643 -0.027736 -0.012325 0.999539 0.109192 0.000000 0.000000 0.000000 1.000000
0.999037 -0.038462 0.021127 0.352801 0.038199 0.999189 0.012716 94.482765 -0.021599 -0.011897 0.999696 0.052402 0.000000 0.000000 0.000000 1.000000
0.999166 -0.036930 0.017435 0.375469 0.036736 0.999261 0.011348 94.487282 -0.017841 -0.010698 0.999784 -0.041796 0.000000 0.000000 0.000000 1.000000
0.999233 -0.036501 0.014152 0.409768 0.036363 0.999290 0.009844 94.501587 -0.014501 -0.009321 0.999851 -0.178501 0.000000 0.000000 0.000000 1.000000
0.999325 -0.035414 0.009748 0.477037 0.035319 0.999328 0.009801 94.495567 -0.010088 -0.009450 0.999904 -0.377010 0.000000 0.000000 0.000000 1.000000
0.999313 -0.036520 0.006380 0.561216 0.036459 0.999291 0.009438 94.492981 -0.006720 -0.009199 0.999935 -0.601765 0.000000 0.000000 0.000000 1.000000
0.999272 -0.037919 0.004202 0.657753 0.037878 0.999239 0.009257 94.484993 -0.004550 -0.009091 0.999948 -0.858166 0.000000 0.000000 0.000000 1.000000
0.999199 -0.039768 0.004415 0.761613 0.039731 0.999176 0.008245 94.469849 -0.004739 -0.008063 0.999956 -1.159123 0.000000 0.000000 0.000000 1.000000
0.999068 -0.042415 0.008048 0.854470 0.042365 0.999082 0.006364 94.456436 -0.008311 -0.006017 0.999947 -1.487289 0.000000 0.000000 0.000000 1.000000
0.998871 -0.045251 0.014456 0.943663 0.045206 0.998972 0.003417 94.441208 -0.014595 -0.002760 0.999890 -1.818034 0.000000 0.000000 0.000000 1.000000
0.998533 -0.049099 0.022833 1.036950 0.049138 0.998791 -0.001144 94.422928 -0.022749 0.002264 0.999739 -2.167375 0.000000 0.000000 0.000000 1.000000
0.998044 -0.053520 0.032314 1.084020 0.053721 0.998541 -0.005379 94.417267 -0.031979 0.007105 0.999463 -2.471366 0.000000 0.000000 0.000000 1.000000
0.997364 -0.058669 0.042702 1.090046 0.059149 0.998198 -0.010065 94.416550 -0.042035 0.012565 0.999037 -2.736013 0.000000 0.000000 0.000000 1.000000
0.996461 -0.064174 0.054286 1.039843 0.065055 0.997775 -0.014612 94.421005 -0.053227 0.018092 0.998419 -2.933442 0.000000 0.000000 0.000000 1.000000
0.995417 -0.068909 0.066306 0.947326 0.070237 0.997370 -0.017905 94.431908 -0.064897 0.022480 0.997639 -3.080750 0.000000 0.000000 0.000000 1.000000
0.994332 -0.073022 0.077279 0.821522 0.074817 0.996985 -0.020593 94.431992 -0.075542 0.026258 0.996797 -3.195266 0.000000 0.000000 0.000000 1.000000
0.993249 -0.076670 0.087052 0.666893 0.078884 0.996635 -0.022282 94.405975 -0.085051 0.028999 0.995955 -3.285110 0.000000 0.000000 0.000000 1.000000
0.992260 -0.080446 0.094600 0.493497 0.083089 0.996245 -0.024332 94.373177 -0.092288 0.032004 0.995218 -3.360807 0.000000 0.000000 0.000000 1.000000
0.991277 -0.083632 0.101861 0.286171 0.086535 0.995950 -0.024413 94.349785 -0.099406 0.033015 0.994499 -3.415395 0.000000 0.000000 0.000000 1.000000
0.990306 -0.086667 0.108548 0.063914 0.089828 0.995654 -0.024567 94.333260 -0.105948 0.034080 0.993788 -3.453939 0.000000 0.000000 0.000000 1.000000
0.989438 -0.089272 0.114203 -0.167844 0.092663 0.995390 -0.024729 94.312782 -0.111469 0.035050 0.993150 -3.462076 0.000000 0.000000 0.000000 1.000000
0.988842 -0.091314 0.117702 -0.389382 0.094748 0.995214 -0.023901 94.289322 -0.114956 0.034787 0.992761 -3.405512 0.000000 0.000000 0.000000 1.000000
0.988510 -0.092488 0.119559 -0.606592 0.095920 0.995117 -0.023262 94.267731 -0.116823 0.034463 0.992555 -3.299628 0.000000 0.000000 0.000000 1.000000
0.988278 -0.093308 0.120828 -0.824276 0.096722 0.995053 -0.022695 94.246704 -0.118112 0.034116 0.992414 -3.173236 0.000000 0.000000 0.000000 1.000000
0.988144 -0.093871 0.121487 -1.036953 0.097252 0.995012 -0.022194 94.226669 -0.118797 0.033745 0.992345 -3.032952 0.000000 0.000000 0.000000 1.000000
0.988103 -0.094269 0.121511 -1.239154 0.097600 0.994988 -0.021749 94.208069 -0.118852 0.033350 0.992352 -2.885440 0.000000 0.000000 0.000000 1.000000
0.988149 -0.094603 0.120878 -1.424342 0.097868 0.994970 -0.021353 94.191429 -0.118250 0.032930 0.992438 -2.736797 0.000000 0.000000 0.000000 1.000000
0.988274 -0.094968 0.119564 -1.586500 0.098150 0.994950 -0.020997 94.177177 -0.116966 0.032486 0.992604 -2.593788 0.000000 0.000000 0.000000 1.000000
0.988469 -0.095457 0.117544 -1.720316 0.098538 0.994919 -0.020672 94.165642 -0.114973 0.032016 0.992853 -2.462969 0.000000 0.000000 0.000000 1.000000
0.989041 -0.095839 0.112306 -1.752277 0.098713 0.994909 -0.020296 94.163399 -0.109789 0.031159 0.993466 -2.353628 0.000000 0.000000 0.000000 1.000000
0.989588 -0.095722 0.107488 -1.743354 0.098440 0.994937 -0.020257 94.157051 -0.105005 0.030627 0.994000 -2.251402 0.000000 0.000000 0.000000 1.000000
0.989854 -0.095746 0.104984 -1.682011 0.098275 0.994975 -0.019169 94.147186 -0.102621 0.029292 0.994289 -2.146208 0.000000 0.000000 0.000000 1.000000
0.990127 -0.095155 0.102926 -1.600952 0.097489 0.995076 -0.017877 94.140244 -0.100718 0.027735 0.994528 -2.055262 0.000000 0.000000 0.000000 1.000000
0.990479 -0.094306 0.100292 -1.496672 0.096306 0.995234 -0.015282 94.138641 -0.098373 0.024795 0.994841 -1.979360 0.000000 0.000000 0.000000 1.000000
0.991237 -0.092877 0.093929 -1.357585 0.094457 0.995450 -0.012501 94.144852 -0.092341 0.021264 0.995500 -1.911762 0.000000 0.000000 0.000000 1.000000
0.992285 -0.090792 0.084429 -1.201880 0.091866 0.995731 -0.008924 94.153122 -0.083259 0.016612 0.996389 -1.854261 0.000000 0.000000 0.000000 1.000000
0.993414 -0.088292 0.073024 -1.028599 0.088960 0.996017 -0.005946 94.160088 -0.072208 0.012403 0.997312 -1.814139 0.000000 0.000000 0.000000 1.000000
0.994534 -0.084681 0.061083 -0.844003 0.085008 0.996376 -0.002761 94.176773 -0.060628 0.007938 0.998129 -1.780891 0.000000 0.000000 0.000000 1.000000
0.995545 -0.080477 0.049132 -0.642364 0.080530 0.996752 0.000907 94.200478 -0.049045 0.003054 0.998792 -1.768663 0.000000 0.000000 0.000000 1.000000
0.996517 -0.075208 0.036026 -0.432017 0.075084 0.997166 0.004789 94.226562 -0.036284 -0.002067 0.999339 -1.762718 0.000000 0.000000 0.000000 1.000000
0.997376 -0.068891 0.022250 -0.212066 0.068742 0.997607 0.007408 94.259140 -0.022707 -0.005859 0.999725 -1.781427 0.000000 0.000000 0.000000 1.000000
0.998080 -0.061486 0.007416 -0.002134 0.061412 0.998064 0.009823 94.257446 -0.008006 -0.009349 0.999924 -1.792049 0.000000 0.000000 0.000000 1.000000
0.998559 -0.053314 -0.006070 0.212265 0.053379 0.998514 0.010975 94.228569 0.005476 -0.011283 0.999921 -1.795049 0.000000 0.000000 0.000000 1.000000
0.998853 -0.045110 -0.016077 0.430297 0.045295 0.998910 0.011311 94.210518 0.015549 -0.012026 0.999807 -1.772241 0.000000 0.000000 0.000000 1.000000
0.998990 -0.038490 -0.023185 0.638632 0.038765 0.999182 0.011510 94.204315 0.022723 -0.012397 0.999665 -1.745792 0.000000 0.000000 0.000000 1.000000
0.998954 -0.034866 -0.029592 0.810341 0.035208 0.999318 0.011114 94.208527 0.029184 -0.012144 0.999500 -1.721942 0.000000 0.000000 0.000000 1.000000
0.998849 -0.033016 -0.034796 0.948917 0.033381 0.999393 0.009959 94.212196 0.034446 -0.011109 0.999345 -1.716472 0.000000 0.000000 0.000000 1.000000
0.998834 -0.031617 -0.036474 1.061163 0.031939 0.999455 0.008299 94.214432 0.036192 -0.009454 0.999300 -1.716059 0.000000 0.000000 0.000000 1.000000
0.998969 -0.029934 -0.034140 1.140650 0.030193 0.999519 0.007077 94.202591 0.033911 -0.008100 0.999392 -1.698481 0.000000 0.000000 0.000000 1.000000
0.999230 -0.028365 -0.027111 1.196215 0.028521 0.999579 0.005382 94.186172 0.026947 -0.006151 0.999618 -1.680524 0.000000 0.000000 0.000000 1.000000
0.999430 -0.028217 -0.018550 1.212585 0.028287 0.999594 0.003493 94.172813 0.018444 -0.004016 0.999822 -1.653660 0.000000 0.000000 0.000000 1.000000
0.999521 -0.029341 -0.009823 1.201684 0.029355 0.999568 0.001345 94.167740 0.009779 -0.001633 0.999951 -1.637486 0.000000 0.000000 0.000000 1.000000
0.999508 -0.031272 -0.002560 1.175371 0.031271 0.999511 -0.000240 94.167114 0.002567 0.000160 0.999997 -1.622698 0.000000 0.000000 0.000000 1.000000
0.999420 -0.033907 0.003181 1.141143 0.033914 0.999423 -0.002071 94.169235 -0.003109 0.002178 0.999993 -1.627561 0.000000 0.000000 0.000000 1.000000
0.999292 -0.036996 0.006840 1.091442 0.037021 0.999308 -0.003488 94.172806 -0.006706 0.003739 0.999971 -1.651370 0.000000 0.000000 0.000000 1.000000
0.999070 -0.041743 0.010801 1.016628 0.041799 0.999114 -0.004996 94.177536 -0.010583 0.005443 0.999929 -1.724883 0.000000 0.000000 0.000000 1.000000
0.998743 -0.047332 0.016524 0.899265 0.047461 0.998845 -0.007472 94.206566 -0.016151 0.008247 0.999836 -1.815261 0.000000 0.000000 0.000000 1.000000
0.998260 -0.054082 0.023492 0.753660 0.054338 0.998468 -0.010400 94.256020 -0.022894 0.011658 0.999670 -1.929387 0.000000 0.000000 0.000000 1.000000
0.997567 -0.062096 0.031679 0.557860 0.062514 0.997968 -0.012352 94.250298 -0.030848 0.014302 0.999422 -2.016980 0.000000 0.000000 0.000000 1.000000
0.996625 -0.070513 0.042038 0.309901 0.071136 0.997375 -0.013517 94.214264 -0.040975 0.016461 0.999025 -2.091642 0.000000 0.000000 0.000000 1.000000
0.995481 -0.079401 0.052079 0.030302 0.080307 0.996649 -0.015535 94.165215 -0.050671 0.019647 0.998522 -2.147262 0.000000 0.000000 0.000000 1.000000
0.994118 -0.088215 0.062830 -0.259952 0.089642 0.995768 -0.020270 94.104012 -0.060776 0.025783 0.997818 -2.167058 0.000000 0.000000 0.000000 1.000000
0.992757 -0.095733 0.072588 -0.570650 0.097621 0.994960 -0.022906 94.053589 -0.070029 0.029826 0.997099 -2.171770 0.000000 0.000000 0.000000 1.000000
0.991529 -0.102533 0.079726 -0.887990 0.104727 0.994215 -0.023830 94.005112 -0.076822 0.031978 0.996532 -2.165927 0.000000 0.000000 0.000000 1.000000
0.990383 -0.108877 0.085364 -1.214034 0.111397 0.993454 -0.025312 93.963181 -0.082049 0.034578 0.996028 -2.169608 0.000000 0.000000 0.000000 1.000000
0.989283 -0.115036 0.089919 -1.523862 0.117817 0.992688 -0.026247 93.913490 -0.086242 0.036560 0.995603 -2.161289 0.000000 0.000000 0.000000 1.000000
0.988138 -0.120498 0.095207 -1.818596 0.123579 0.991964 -0.027134 93.861145 -0.091172 0.038578 0.995088 -2.142330 0.000000 0.000000 0.000000 1.000000
0.986882 -0.125319 0.101777 -2.107548 0.128581 0.991355 -0.026129 93.815331 -0.097623 0.038872 0.994464 -2.095717 0.000000 0.000000 0.000000 1.000000
0.985651 -0.129077 0.108773 -2.375604 0.132416 0.990903 -0.024018 93.773567 -0.104683 0.038077 0.993776 -2.042387 0.000000 0.000000 0.000000 1.000000
0.984550 -0.131759 0.115327 -2.629216 0.135062 0.990609 -0.021277 93.745239 -0.111440 0.036524 0.993100 -1.958652 0.000000 0.000000 0.000000 1.000000
0.983405 -0.133831 0.122491 -2.875637 0.137174 0.990360 -0.019240 93.723923 -0.118735 0.035723 0.992283 -1.830434 0.000000 0.000000 0.000000 1.000000
0.982602 -0.134954 0.127593 -3.116611 0.138401 0.990203 -0.018506 93.705597 -0.123845 0.035843 0.991654 -1.651767 0.000000 0.000000 0.000000 1.000000
0.982563 -0.134819 0.128038 -3.350080 0.138317 0.990210 -0.018788 93.697006 -0.124251 0.036170 0.991591 -1.474482 0.000000 0.000000 0.000000 1.000000
0.983484 -0.133686 0.122015 -3.554531 0.136994 0.990388 -0.019095 93.701248 -0.118289 0.035495 0.992345 -1.303525 0.000000 0.000000 0.000000 1.000000
0.984754 -0.132465 0.112747 -3.699529 0.135528 0.990573 -0.019917 93.701080 -0.109046 0.034894 0.993424 -1.154988 0.000000 0.000000 0.000000 1.000000
0.985811 -0.131947 0.103759 -3.782512 0.134777 0.990659 -0.020729 93.695663 -0.100055 0.034419 0.994386 -1.010957 0.000000 0.000000 0.000000 1.000000
0.986653 -0.131538 0.095992 -3.813724 0.134018 0.990780 -0.019832 93.693672 -0.092499 0.032432 0.995185 -0.869809 0.000000 0.000000 0.000000 1.000000
0.987354 -0.130740 0.089666 -3.779253 0.132903 0.990955 -0.018569 93.704147 -0.086427 0.030251 0.995799 -0.759872 0.000000 0.000000 0.000000 1.000000
0.987919 -0.129673 0.084855 -3.680695 0.131472 0.991192 -0.015938 93.725121 -0.082041 0.026902 0.996266 -0.664363 0.000000 0.000000 0.000000 1.000000
0.988374 -0.127709 0.082507 -3.529946 0.129138 0.991552 -0.012197 93.756279 -0.080252 0.022710 0.996516 -0.586942 0.000000 0.000000 0.000000 1.000000
0.988895 -0.125174 0.080114 -3.334908 0.126215 0.991970 -0.008045 93.784714 -0.078463 0.018067 0.996753 -0.530292 0.000000 0.000000 0.000000 1.000000
0.989508 -0.122043 0.077328 -3.104348 0.122770 0.992424 -0.004703 93.818642 -0.076169 0.014147 0.996995 -0.504213 0.000000 0.000000 0.000000 1.000000
0.990250 -0.118001 0.074027 -2.838982 0.118408 0.992964 -0.001130 93.849854 -0.073372 0.009884 0.997256 -0.493464 0.000000 0.000000 0.000000 1.000000
0.991013 -0.113742 0.070395 -2.540793 0.113859 0.993494 0.002352 93.875702 -0.070205 0.005684 0.997516 -0.517255 0.000000 0.000000 0.000000 1.000000
0.991704 -0.109784 0.066856 -2.225516 0.109634 0.993954 0.005930 93.902161 -0.067103 0.001449 0.997745 -0.568476 0.000000 0.000000 0.000000 1.000000
0.992414 -0.105397 0.063298 -1.885507 0.105015 0.994427 0.009338 93.940521 -0.063930 -0.002620 0.997951 -0.655530 0.000000 0.000000 0.000000 1.000000
0.993218 -0.100366 0.058697 -1.538920 0.099807 0.994930 0.012389 93.990921 -0.059642 -0.006447 0.998199 -0.764129 0.000000 0.000000 0.000000 1.000000
0.993980 -0.094791 0.054934 -1.204490 0.094081 0.995446 0.015377 94.047142 -0.056141 -0.010116 0.998372 -0.893098 0.000000 0.000000 0.000000 1.000000
0.994675 -0.089393 0.051287 -0.873835 0.088555 0.995902 0.018375 94.108856 -0.052719 -0.013735 0.998515 -1.038877 0.000000 0.000000 0.000000 1.000000
0.995351 -0.083112 0.048664 -0.565208 0.082181 0.996400 0.020835 94.173882 -0.050220 -0.016739 0.998598 -1.191771 0.000000 0.000000 0.000000 1.000000
0.996009 -0.075863 0.047011 -0.269673 0.074850 0.996931 0.022943 94.246391 -0.048608 -0.019332 0.998631 -1.340622 0.000000 0.000000 0.000000 1.000000
0.996689 -0.067792 0.044901 -0.000405 0.066732 0.997465 0.024694 94.326401 -0.046461 -0.021616 0.998686 -1.489883 0.000000 0.000000 0.000000 1.000000
0.997292 -0.059882 0.042695 0.248989 0.058836 0.997946 0.025359 94.405037 -0.044125 -0.022779 0.998766 -1.637116 0.000000 0.000000 0.000000 1.000000
0.997715 -0.052583 0.042413 0.501627 0.051579 0.998370 0.024420 94.444710 -0.043628 -0.022176 0.998802 -1.764964 0.000000 0.000000 0.000000 1.000000
0.998030 -0.045587 0.043108 0.753551 0.044610 0.998731 0.023380 94.469971 -0.044119 -0.021411 0.998797 -1.884098 0.000000 0.000000 0.000000 1.000000
0.998126 -0.039634 0.046625 0.993745 0.038558 0.998974 0.023749 94.469002 -0.047519 -0.021907 0.998630 -1.977913 0.000000 0.000000 0.000000 1.000000
0.997984 -0.036654 0.051810 1.222683 0.035413 0.999068 0.024666 94.463631 -0.052666 -0.022781 0.998352 -2.059391 0.000000 0.000000 0.000000 1.000000
0.997951 -0.035162 0.053447 1.414925 0.033760 0.999068 0.026907 94.461861 -0.054344 -0.025048 0.998208 -2.105868 0.000000 0.000000 0.000000 1.000000
0.997964 -0.033824 0.054075 1.594653 0.032250 0.999038 0.029725 94.459076 -0.055029 -0.027921 0.998094 -2.141891 0.000000 0.000000 0.000000 1.000000
0.998024 -0.032627 0.053706 1.743446 0.030929 0.999004 0.032149 94.451805 -0.054701 -0.030424 0.998039 -2.168036 0.000000 0.000000 0.000000 1.000000
0.998119 -0.031591 0.052532 1.845995 0.029846 0.998987 0.033675 94.438423 -0.053542 -0.032043 0.998051 -2.181652 0.000000 0.000000 0.000000 1.000000
0.998221 -0.030580 0.051190 1.939625 0.028806 0.998971 0.035037 94.423981 -0.052209 -0.033500 0.998074 -2.192357 0.000000 0.000000 0.000000 1.000000
0.998325 -0.029550 0.049743 2.029576 0.027755 0.998952 0.036393 94.409698 -0.050767 -0.034952 0.998099 -2.200635 0.000000 0.000000 0.000000 1.000000
0.998460 -0.028406 0.047648 2.096182 0.026626 0.998938 0.037590 94.394966 -0.048665 -0.036263 0.998157 -2.194713 0.000000 0.000000 0.000000 1.000000
0.998631 -0.027118 0.044721 2.126691 0.025365 0.998905 0.039312 94.380135 -0.045738 -0.038123 0.998226 -2.164712 0.000000 0.000000 0.000000 1.000000
0.998790 -0.026779 0.041238 2.132456 0.025110 0.998865 0.040475 94.372421 -0.042275 -0.039391 0.998329 -2.122422 0.000000 0.000000 0.000000 1.000000
0.998871 -0.027343 0.038859 2.094061 0.025697 0.998777 0.042249 94.373581 -0.039967 -0.041202 0.998351 -2.036020 0.000000 0.000000 0.000000 1.000000
0.998795 -0.028663 0.039833 2.024426 0.026911 0.998676 0.043851 94.383217 -0.041037 -0.042726 0.998244 -1.921888 0.000000 0.000000 0.000000 1.000000
0.998590 -0.029762 0.043968 1.920321 0.027749 0.998569 0.045710 94.395699 -0.045266 -0.044426 0.997987 -1.780595 0.000000 0.000000 0.000000 1.000000
0.998284 -0.030732 0.049850 1.789761 0.028422 0.998519 0.046392 94.415947 -0.051202 -0.044896 0.997679 -1.642333 0.000000 0.000000 0.000000 1.000000
0.997966 -0.031702 0.055303 1.624193 0.029084 0.998447 0.047522 94.434448 -0.056723 -0.045817 0.997338 -1.494573 0.000000 0.000000 0.000000 1.000000
0.997691 -0.032614 0.059575 1.446392 0.029717 0.998362 0.048881 94.454948 -0.061071 -0.046998 0.997026 -1.349260 0.000000 0.000000 0.000000 1.000000
0.997628 -0.033363 0.060203 1.250883 0.030338 0.998264 0.050479 94.480827 -0.061783 -0.048533 0.996909 -1.221179 0.000000 0.000000 0.000000 1.000000
0.997702 -0.033892 0.058668 1.047990 0.030874 0.998190 0.051610 94.503532 -0.060311 -0.049680 0.996943 -1.115345 0.000000 0.000000 0.000000 1.000000
0.997729 -0.034090 0.058090 0.848098 0.030994 0.998093 0.053381 94.517799 -0.059799 -0.051460 0.996883 -1.006086 0.000000 0.000000 0.000000 1.000000
0.997727 -0.034439 0.057917 0.686417 0.031249 0.997991 0.055107 94.513474 -0.059698 -0.053172 0.996799 -0.928604 0.000000 0.000000 0.000000 1.000000
0.997718 -0.034822 0.057845 0.534199 0.031536 0.997889 0.056771 94.504066 -0.059699 -0.054817 0.996710 -0.855579 0.000000 0.000000 0.000000 1.000000
0.997706 -0.035230 0.057814 0.389351 0.031852 0.997788 0.058345 94.490585 -0.059742 -0.056370 0.996621 -0.782217 0.000000 0.000000 0.000000 1.000000
0.997690 -0.035657 0.057814 0.242644 0.032192 0.997691 0.059799 94.473907 -0.059813 -0.057800 0.996535 -0.703781 0.000000 0.000000 0.000000 1.000000
0.997673 -0.036097 0.057834 0.100809 0.032552 0.997600 0.061103 94.454971 -0.059901 -0.059079 0.996455 -0.622517 0.000000 0.000000 0.000000 1.000000
0.997655 -0.036546 0.057864 -0.014341 0.032932 0.997518 0.062229 94.434731 -0.059994 -0.060177 0.996383 -0.544422 0.000000 0.000000 0.000000 1.000000
0.997637 -0.036998 0.057892 -0.090165 0.033327 0.997448 0.063145 94.414215 -0.060080 -0.061067 0.996324 -0.470002 0.000000 0.000000 0.000000 1.000000
0.997619 -0.037463 0.057909 -0.130676 0.033768 0.997409 0.063520 94.391739 -0.060139 -0.061413 0.996299 -0.407624 0.000000 0.000000 0.000000 1.000000
0.997578 -0.038251 0.058101 -0.143504 0.034530 0.997368 0.063754 94.381645 -0.060387 -0.061593 0.996273 -0.361230 0.000000 0.000000 0.000000 1.000000</float_array>
        <technique_common>
          <accessor source="#mixamorig_Hips-Matrix-animation-output-transform-array" count="187" stride="16">
            <param type="float4x4"/>
          </accessor>
        </technique_common>
      </source>
      <source id="mixamorig_Hips-Interpolations">
        <Name_array id="mixamorig_Hips-Interpolations-array" count="187">
 LINEAR LINEAR LINEAR LINEAR LINEAR LINEAR LINEAR LINEAR LINEAR LINEAR LINEAR
LINEAR LINEAR LINEAR LINEAR LINEAR LINEAR LINEAR LINEAR LINEAR LINEAR LINEAR LINEAR
LINEAR LINEAR LINEAR LINEAR LINEAR LINEAR LINEAR LINEAR LINEAR LINEAR LINEAR LINEAR
LINEAR LINEAR LINEAR LINEAR LINEAR LINEAR LINEAR LINEAR LINEAR LINEAR LINEAR LINEAR
LINEAR LINEAR LINEAR LINEAR LINEAR LINEAR LINEAR LINEAR LINEAR LINEAR LINEAR LINEAR
LINEAR LINEAR LINEAR LINEAR LINEAR LINEAR LINEAR LINEAR LINEAR LINEAR LINEAR LINEAR
LINEAR LINEAR LINEAR LINEAR LINEAR LINEAR LINEAR LINEAR LINEAR LINEAR LINEAR LINEAR
LINEAR LINEAR LINEAR LINEAR LINEAR LINEAR LINEAR LINEAR LINEAR LINEAR LINEAR LINEAR
LINEAR LINEAR LINEAR LINEAR LINEAR LINEAR LINEAR LINEAR LINEAR LINEAR LINEAR LINEAR
LINEAR LINEAR LINEAR LINEAR LINEAR LINEAR LINEAR LINEAR LINEAR LINEAR LINEAR LINEAR
LINEAR LINEAR LINEAR LINEAR LINEAR LINEAR LINEAR LINEAR LINEAR LINEAR LINEAR LINEAR
LINEAR LINEAR LINEAR LINEAR LINEAR LINEAR LINEAR LINEAR LINEAR LINEAR LINEAR LINEAR
LINEAR LINEAR LINEAR LINEAR LINEAR LINEAR LINEAR LINEAR LINEAR LINEAR LINEAR LINEAR
LINEAR LINEAR LINEAR LINEAR LINEAR LINEAR LINEAR LINEAR LINEAR LINEAR LINEAR LINEAR
LINEAR LINEAR LINEAR LINEAR LINEAR LINEAR LINEAR LINEAR LINEAR LINEAR LINEAR LINEAR
LINEAR LINEAR LINEAR LINEAR LINEAR LINEAR LINEAR LINEAR</Name_array>
        <technique_common>
          <accessor source="#mixamorig_Hips-Interpolations-array" count="187">
            <param type="name"/>
          </accessor>
        </technique_common>
      </source>
      <sampler id="mixamorig_Hips-Matrix-animation-transform">
        <input semantic="INPUT" source="#mixamorig_Hips-Matrix-animation-input"/>
        <input semantic="OUTPUT" source="#mixamorig_Hips-Matrix-animation-output-transform"/>
        <input semantic="INTERPOLATION" source="#mixamorig_Hips-Interpolations"/>
      </sampler>
      <channel source="#mixamorig_Hips-Matrix-animation-transform" target="mixamorig_Hips/matrix"/>
    </animation>
    <animation id="mixamorig_Spine-anim" name="mixamorig_Spine">
      <source id="mixamorig_Spine-Matrix-animation-input">
        <float_array id="mixamorig_Spine-Matrix-animation-input-array" count="187">

0.000000 0.033333 0.066667 0.100000 0.133333 0.166667 0.200000 0.233333 0.266667 0.300000 0.333333 0.366667 0.400000 0.433333 0.466667 0.500000
0.533333 0.566667 0.600000 0.633333 0.666667 0.700000 0.733333 0.766667 0.800000 0.833333 0.866667 0.900000 0.933333 0.966667 1.000000 1.033333
1.066667 1.100000 1.133333 1.166667 1.200000 1.233333 1.266667 1.300000 1.333333 1.366667 1.400000 1.433333 1.466667 1.500000 1.533333 1.566667
1.600000 1.633333 1.666667 1.700000 1.733333 1.766667 1.800000 1.833333 1.866667 1.900000 1.933333 1.966667 2.000000 2.033333 2.066667 2.100000
2.133333 2.166667 2.200000 2.233333 2.266667 2.300000 2.333333 2.366667 2.400000 2.433333 2.466667 2.500000 2.533333 2.566667 2.600000 2.633333
2.666667 2.700000 2.733333 2.766667 2.800000 2.833333 2.866667 2.900000 2.933333 2.966667 3.000000 3.033333 3.066667 3.100000 3.133333 3.166667
3.200000 3.233333 3.266667 3.300000 3.333333 3.366667 3.400000 3.433333 3.466667 3.500000 3.533333 3.566667 3.600000 3.633333 3.666667 3.700000
3.733333 3.766667 3.800000 3.833333 3.866667 3.900000 3.933333 3.966667 4.000000 4.033333 4.066667 4.100000 4.133333 4.166667 4.200000 4.233333
4.266667 4.300000 4.333333 4.366667 4.400000 4.433333 4.466667 4.500000 4.533333 4.566667 4.600000 4.633333 4.666667 4.700000 4.733333 4.766667
4.800000 4.833333 4.866667 4.900000 4.933333 4.966667 5.000000 5.033333 5.066667 5.100000 5.133333 5.166667 5.200000 5.233333 5.266667 5.300000
5.333333 5.366667 5.400000 5.433333 5.466667 5.500000 5.533333 5.566667 5.600000 5.633333 5.666667 5.700000 5.733333 5.766667 5.800000 5.833333
5.866667 5.900000 5.933333 5.966667 6.000000 6.033333 6.066667 6.100000 6.133333 6.166667 6.200000</float_array>
        <technique_common>
          <accessor source="#mixamorig_Spine-Matrix-animation-input-array" count="187">
            <param name="TIME" type="float"/>
          </accessor>
        </technique_common>
      </source>
      <source id="mixamorig_Spine-Matrix-animation-output-transform">
        <float_array id="mixamorig_Spine-Matrix-animation-output-transform-array" count="2992">

0.999867 0.009805 -0.013030 0.000000 -0.010324 0.999131 -0.040375 10.058800 0.012622 0.040505 0.999100 -0.358200 0.000000 0.000000 0.000000 1.000000
0.999877 0.010233 -0.011851 0.000000 -0.010683 0.999203 -0.038471 10.058800 0.011448 0.038593 0.999189 -0.358200 0.000000 0.000000 0.000000 1.000000
0.999888 0.010417 -0.010752 0.000000 -0.010804 0.999271 -0.036605 10.058800 0.010363 0.036717 0.999272 -0.358200 0.000000 0.000000 0.000000 1.000000
0.999899 0.010388 -0.009696 -0.000000 -0.010718 0.999344 -0.034583 10.058800 0.009330 0.034683 0.999355 -0.358200 0.000000 0.000000 0.000000 1.000000
0.999909 0.010077 -0.009005 -0.000000 -0.010364 0.999418 -0.032511 10.058800 0.008672 0.032602 0.999431 -0.358200 0.000000 0.000000 0.000000 1.000000
0.999919 0.009345 -0.008600 0.000000 -0.009606 0.999478 -0.030853 10.058800 0.008308 0.030933 0.999487 -0.358200 0.000000 0.000000 0.000000 1.000000
0.999934 0.008290 -0.007979 0.000000 -0.008522 0.999529 -0.029471 10.058800 0.007731 0.029537 0.999534 -0.358200 0.000000 0.000000 0.000000 1.000000
0.999949 0.007158 -0.007073 0.000000 -0.007356 0.999573 -0.028262 10.058800 0.006867 0.028313 0.999576 -0.358200 0.000000 0.000000 0.000000 1.000000
0.999969 0.005943 -0.005178 0.000000 -0.006083 0.999602 -0.027549 10.058800 0.005012 0.027580 0.999607 -0.358200 0.000000 0.000000 0.000000 1.000000
0.999984 0.004732 -0.003221 0.000000 -0.004817 0.999630 -0.026772 10.058800 0.003093 0.026787 0.999636 -0.358200 0.000000 0.000000 0.000000 1.000000
0.999993 0.003536 -0.001350 -0.000000 -0.003570 0.999662 -0.025738 10.058800 0.001258 0.025742 0.999668 -0.358200 0.000000 0.000000 0.000000 1.000000
0.999997 0.001821 0.001557 -0.000000 -0.001779 0.999648 -0.026471 10.058800 -0.001605 0.026469 0.999648 -0.358200 0.000000 0.000000 0.000000 1.000000
0.999985 -0.000692 0.005433 0.000000 0.000849 0.999583 -0.028856 10.058800 -0.005411 0.028860 0.999569 -0.358200 0.000000 0.000000 0.000000 1.000000
0.999956 -0.003474 0.008765 0.000000 0.003748 0.999498 -0.031457 10.058800 -0.008651 0.031488 0.999467 -0.358200 0.000000 0.000000 0.000000 1.000000
0.999904 -0.006903 0.012049 -0.000000 0.007319 0.999368 -0.034773 10.058800 -0.011801 0.034858 0.999323 -0.358200 0.000000 0.000000 0.000000 1.000000
0.999802 -0.011339 0.016332 0.000000 0.011983 0.999133 -0.039877 10.058800 -0.015866 0.040065 0.999071 -0.358200 0.000000 0.000000 0.000000 1.000000
0.999646 -0.015094 0.021897 -0.000000 0.016099 0.998790 -0.046470 10.058800 -0.021169 0.046806 0.998680 -0.358200 0.000000 0.000000 0.000000 1.000000
0.999445 -0.017580 0.028298 -0.000000 0.019070 0.998399 -0.053257 10.058800 -0.027317 0.053768 0.998180 -0.358200 0.000000 0.000000 0.000000 1.000000
0.999179 -0.019743 0.035377 0.000000 0.021807 0.998022 -0.058954 10.058800 -0.034143 0.059677 0.997634 -0.358200 0.000000 0.000000 0.000000 1.000000
0.998838 -0.022189 0.042778 0.000000 0.024883 0.997671 -0.063503 10.058800 -0.041269 0.064493 0.997064 -0.358200 0.000000 0.000000 0.000000 1.000000
0.998467 -0.024615 0.049567 0.000000 0.027946 0.997317 -0.067661 10.058800 -0.047769 0.068942 0.996476 -0.358200 0.000000 0.000000 0.000000 1.000000
0.998080 -0.026304 0.056072 0.000000 0.030294 0.996977 -0.071545 10.058800 -0.054021 0.073106 0.995860 -0.358200 0.000000 0.000000 0.000000 1.000000
0.997670 -0.027342 0.062504 -0.000000 0.032006 0.996679 -0.074878 10.058800 -0.060249 0.076704 0.995232 -0.358200 0.000000 0.000000 0.000000 1.000000
0.997268 -0.027474 0.068567 -0.000000 0.032759 0.996478 -0.077194 10.058800 -0.066205 0.079230 0.994656 -0.358200 0.000000 0.000000 0.000000 1.000000
0.996829 -0.026695 0.074964 -0.000000 0.032638 0.996324 -0.079205 10.058800 -0.072574 0.081400 0.994036 -0.358200 0.000000 0.000000 0.000000 1.000000
0.996299 -0.025799 0.081989 0.000000 0.032523 0.996121 -0.081767 10.058800 -0.079561 0.084131 0.993273 -0.358200 0.000000 0.000000 0.000000 1.000000
0.995692 -0.024957 0.089301 0.000000 0.032518 0.995915 -0.084237 10.058800 -0.086834 0.086778 0.992436 -0.358200 0.000000 0.000000 0.000000 1.000000
0.995000 -0.024211 0.096893 -0.000000 0.032601 0.995764 -0.085973 10.058800 -0.094401 0.088702 0.991575 -0.358200 0.000000 0.000000 0.000000 1.000000
0.994313 -0.023252 0.103925 -0.000000 0.032419 0.995645 -0.087402 10.058800 -0.101441 0.090274 0.990737 -0.358200 0.000000 0.000000 0.000000 1.000000
0.993680 -0.022663 0.109941 0.000000 0.032578 0.995477 -0.089245 10.058800 -0.107421 0.092262 0.989923 -0.358200 0.000000 0.000000 0.000000 1.000000
0.993129 -0.022388 0.114861 0.000000 0.032966 0.995302 -0.091038 10.058800 -0.112283 0.094199 0.989201 -0.358200 0.000000 0.000000 0.000000 1.000000
