<?xml version="1.0" encoding="utf-8"?>
<COLLADA xmlns="http://www.collada.org/2005/11/COLLADASchema" version="1.4.1">
  <asset>
    <contributor>
      <author>Mixamo</author>
      <authoring_tool>COLLADA Mixamo exporter</authoring_tool>
      <comments/>
    </contributor>
    <created>2022-12-29T17:03:27Z</created>
    <modified>2022-12-29T17:03:27Z</modified>
    <revision/>
    <title/>
    <unit meter="0.010000"/>
    <up_axis>Y_UP</up_axis>
  </asset>
  <library_animations>
    <animation id="mixamorig_Hips-anim" name="mixamorig_Hips">
      <source id="mixamorig_Hips-Matrix-animation-input">
        <float_array id="mixamorig_Hips-Matrix-animation-input-array" count="89">

0.000000 0.033333 0.066667 0.100000 0.133333 0.166667 0.200000 0.233333 0.266667 0.300000 0.333333 0.366667 0.400000 0.433333 0.466667 0.500000
0.533333 0.566667 0.600000 0.633333 0.666667 0.700000 0.733333 0.766667 0.800000 0.833333 0.866667 0.900000 0.933333 0.966667 1.000000 1.033333
1.066667 1.100000 1.133333 1.166667 1.200000 1.233333 1.266667 1.300000 1.333333 1.366667 1.400000 1.433333 1.466667 1.500000 1.533333 1.566667
1.600000 1.633333 1.666667 1.700000 1.733333 1.766667 1.800000 1.833333 1.866667 1.900000 1.933333 1.966667 2.000000 2.033333 2.066667 2.100000
2.133333 2.166667 2.200000 2.233333 2.266667 2.300000 2.333333 2.366667 2.400000 2.433333 2.466667 2.500000 2.533333 2.566667 2.600000 2.633333
2.666667 2.700000 2.733333 2.766667 2.800000 2.833333 2.866667 2.900000 2.933333</float_array>
        <technique_common>
          <accessor source="#mixamorig_Hips-Matrix-animation-input-array" count="89">
            <param name="TIME" type="float"/>
          </accessor>
        </technique_common>
      </source>
      <source id="mixamorig_Hips-Matrix-animation-output-transform">
        <float_array id="mixamorig_Hips-Matrix-animation-output-transform-array" count="1424">

0.999582 0.024580 -0.015245 0.110312 -0.024330 0.999570 0.016385 100.999062 0.015641 -0.016007 0.999750 0.483591 0.000000 0.000000 0.000000 1.000000
0.999589 0.027217 -0.009027 0.112320 -0.027046 0.999462 0.018551 100.960037 0.009527 -0.018299 0.999787 0.676431 0.000000 0.000000 0.000000 1.000000
0.999567 0.029114 -0.004198 0.129447 -0.029016 0.999344 0.021651 100.886292 0.004826 -0.021520 0.999757 0.896493 0.000000 0.000000 0.000000 1.000000
0.999541 0.030273 -0.001438 0.131604 -0.030227 0.999223 0.025275 100.864883 0.002202 -0.025220 0.999680 1.112971 0.000000 0.000000 0.000000 1.000000
0.999512 0.031238 -0.000328 0.103100 -0.031216 0.999091 0.029029 101.001785 0.001234 -0.029004 0.999579 1.296580 0.000000 0.000000 0.000000 1.000000
0.999471 0.032510 -0.000104 0.071024 -0.032489 0.998940 0.032617 101.377167 0.001165 -0.032596 0.999468 1.469232 0.000000 0.000000 0.000000 1.000000
0.999432 0.033692 -0.000480 0.049048 -0.033653 0.998789 0.035901 101.958717 0.001689 -0.035865 0.999355 1.653213 0.000000 0.000000 0.000000 1.000000
0.999396 0.034733 -0.001405 0.013348 -0.034652 0.998640 0.038958 102.596001 0.002756 -0.038885 0.999240 1.818207 0.000000 0.000000 0.000000 1.000000
0.999352 0.035894 -0.002776 -0.059799 -0.035747 0.998485 0.041821 103.156784 0.004273 -0.041695 0.999121 1.946584 0.000000 0.000000 0.000000 1.000000
0.999297 0.037216 -0.004440 -0.131837 -0.036987 0.998360 0.043693 103.564941 0.006058 -0.043498 0.999035 2.036576 0.000000 0.000000 0.000000 1.000000
0.999258 0.037984 -0.006324 -0.166490 -0.037680 0.998377 0.042709 103.823151 0.007936 -0.042439 0.999068 2.140595 0.000000 0.000000 0.000000 1.000000
0.999274 0.037155 -0.008467 -0.167092 -0.036812 0.998618 0.037515 103.837471 0.009849 -0.037176 0.999260 2.309360 0.000000 0.000000 0.000000 1.000000
0.999345 0.034542 -0.010786 -0.151621 -0.034219 0.998999 0.028813 103.368469 0.011771 -0.028425 0.999527 2.513758 0.000000 0.000000 0.000000 1.000000
0.999444 0.030780 -0.012781 -0.138770 -0.030542 0.999364 0.018426 102.376831 0.013340 -0.018025 0.999749 2.685733 0.000000 0.000000 0.000000 1.000000
0.999556 0.026762 -0.013116 -0.128039 -0.026661 0.999614 0.007792 101.247681 0.013320 -0.007439 0.999884 2.751126 0.000000 0.000000 0.000000 1.000000
0.999676 0.024208 -0.007848 -0.079139 -0.024219 0.999706 -0.001224 100.468529 0.007816 0.001413 0.999968 2.620011 0.000000 0.000000 0.000000 1.000000
0.999648 0.024522 0.010156 -0.032941 -0.024474 0.999689 -0.004874 100.277000 -0.010272 0.004624 0.999937 2.289339 0.000000 0.000000 0.000000 1.000000
0.998604 0.027660 0.044993 -0.035095 -0.027688 0.999617 0.000007 100.601242 -0.044975 -0.001253 0.998987 2.136924 0.000000 0.000000 0.000000 1.000000
0.995581 0.029869 0.089032 -0.010109 -0.030962 0.999461 0.010912 101.249878 -0.088658 -0.013621 0.995969 2.222356 0.000000 0.000000 0.000000 1.000000
0.991369 0.026730 0.128351 0.029362 -0.029645 0.999343 0.020853 102.000404 -0.127709 -0.024478 0.991510 2.274666 0.000000 0.000000 0.000000 1.000000
0.987202 0.020449 0.158160 0.043938 -0.024836 0.999358 0.025812 102.713799 -0.157530 -0.029410 0.987076 2.284726 0.000000 0.000000 0.000000 1.000000
0.982979 0.012339 0.183304 0.063208 -0.017679 0.999465 0.027530 103.273849 -0.182866 -0.030303 0.982671 2.290795 0.000000 0.000000 0.000000 1.000000
0.978321 0.002224 0.207081 0.077915 -0.008412 0.999544 0.029009 103.613899 -0.206922 -0.030122 0.977894 2.291123 0.000000 0.000000 0.000000 1.000000
0.974009 -0.008885 0.226336 0.068070 0.002016 0.999531 0.030562 103.700066 -0.226501 -0.029312 0.973570 2.288788 0.000000 0.000000 0.000000 1.000000
0.971342 -0.017983 0.237004 0.012726 0.011064 0.999474 0.030493 103.450539 -0.237428 -0.026997 0.971030 2.328106 0.000000 0.000000 0.000000 1.000000
0.970837 -0.022991 0.238634 -0.122541 0.016905 0.999478 0.027519 102.854523 -0.239142 -0.022682 0.970720 2.398603 0.000000 0.000000 0.000000 1.000000
0.972625 -0.023931 0.231147 -0.300400 0.019287 0.999565 0.022330 102.061417 -0.231580 -0.017260 0.972663 2.405156 0.000000 0.000000 0.000000 1.000000
0.977421 -0.021702 0.210182 -0.467936 0.018356 0.999672 0.017859 101.272308 -0.210500 -0.013598 0.977499 2.274429 0.000000 0.000000 0.000000 1.000000
0.985107 -0.016551 0.171142 -0.659829 0.013727 0.999750 0.017670 100.692200 -0.171391 -0.015058 0.985088 2.053224 0.000000 0.000000 0.000000 1.000000
0.992813 -0.009947 0.119266 -0.876965 0.007244 0.999707 0.023083 100.479660 -0.119461 -0.022053 0.992594 1.927063 0.000000 0.000000 0.000000 1.000000
0.997516 -0.005142 0.070253 -1.050161 0.002931 0.999498 0.031538 100.657349 -0.070380 -0.031254 0.997031 1.998349 0.000000 0.000000 0.000000 1.000000
0.999328 -0.002620 0.036550 -1.164098 0.001214 0.999261 0.038428 101.175789 -0.036624 -0.038358 0.998593 2.114360 0.000000 0.000000 0.000000 1.000000
0.999868 0.000228 0.016264 -1.242872 -0.000893 0.999163 0.040891 101.880264 -0.016241 -0.040900 0.999031 2.158396 0.000000 0.000000 0.000000 1.000000
0.999983 0.005759 -0.001328 -1.284050 -0.005702 0.999201 0.039570 102.565735 0.001555 -0.039562 0.999216 2.161630 0.000000 0.000000 0.000000 1.000000
0.999636 0.013697 -0.023241 -1.265479 -0.012823 0.999221 0.037331 103.058884 0.023734 -0.037019 0.999033 2.124419 0.000000 0.000000 0.000000 1.000000
0.998583 0.023140 -0.047919 -1.189846 -0.021399 0.999104 0.036519 103.282310 0.048721 -0.035442 0.998183 2.075204 0.000000 0.000000 0.000000 1.000000
0.996990 0.033359 -0.069981 -1.081469 -0.030829 0.998842 0.036922 103.208481 0.071132 -0.034654 0.996865 2.054804 0.000000 0.000000 0.000000 1.000000
0.995348 0.042532 -0.086454 -0.960769 -0.039521 0.998561 0.036254 102.804420 0.087871 -0.032669 0.995596 2.060861 0.000000 0.000000 0.000000 1.000000
0.993926 0.049033 -0.098519 -0.814482 -0.045984 0.998397 0.032989 102.132858 0.099979 -0.028259 0.994588 2.070598 0.000000 0.000000 0.000000 1.000000
0.992551 0.053765 -0.109326 -0.609144 -0.050909 0.998289 0.028751 101.417114 0.110685 -0.022972 0.993590 2.025275 0.000000 0.000000 0.000000 1.000000
0.991017 0.056537 -0.121195 -0.399501 -0.053615 0.998190 0.027238 100.852264 0.122515 -0.020495 0.992255 1.916351 0.000000 0.000000 0.000000 1.000000
0.989321 0.057243 -0.134038 -0.177811 -0.053664 0.998103 0.030171 100.576546 0.135511 -0.022655 0.990517 1.809204 0.000000 0.000000 0.000000 1.000000
0.987411 0.058861 -0.146815 0.103194 -0.054223 0.997901 0.035394 100.640564 0.148590 -0.026988 0.988531 1.739315 0.000000 0.000000 0.000000 1.000000
0.985110 0.064135 -0.159515 0.391988 -0.058548 0.997504 0.039481 101.013046 0.161649 -0.029554 0.986406 1.624366 0.000000 0.000000 0.000000 1.000000
0.982569 0.071105 -0.171763 0.664596 -0.065087 0.997060 0.040429 101.559418 0.174133 -0.028544 0.984308 1.456269 0.000000 0.000000 0.000000 1.000000
0.980635 0.075223 -0.180819 0.923772 -0.069487 0.996864 0.037860 102.069389 0.183100 -0.024562 0.982787 1.240268 0.000000 0.000000 0.000000 1.000000
0.980229 0.075141 -0.183045 1.154865 -0.070261 0.996982 0.033009 102.406357 0.184973 -0.019495 0.982550 0.997014 0.000000 0.000000 0.000000 1.000000
0.981413 0.073716 -0.177184 1.347253 -0.069813 0.997162 0.028167 102.535812 0.178757 -0.015274 0.983775 0.767182 0.000000 0.000000 0.000000 1.000000
0.983491 0.073500 -0.165356 1.513354 -0.070438 0.997220 0.024312 102.447205 0.166683 -0.012263 0.985934 0.563505 0.000000 0.000000 0.000000 1.000000
0.985841 0.073825 -0.150556 1.671189 -0.071607 0.997230 0.020109 102.129486 0.151624 -0.009044 0.988397 0.356135 0.000000 0.000000 0.000000 1.000000
0.988366 0.071477 -0.134251 1.813873 -0.070206 0.997432 0.014183 101.625168 0.134920 -0.004592 0.990846 0.120808 0.000000 0.000000 0.000000 1.000000
0.991053 0.063838 -0.117215 1.924451 -0.063418 0.997960 0.007312 101.017632 0.117443 0.000187 0.993080 -0.178907 0.000000 0.000000 0.000000 1.000000
0.993397 0.053763 -0.101355 2.016781 -0.053866 0.998547 0.001723 100.425819 0.101300 0.003748 0.994849 -0.547987 0.000000 0.000000 0.000000 1.000000
0.994855 0.048022 -0.089208 2.060856 -0.048268 0.998834 -0.000604 99.980469 0.089075 0.004907 0.996013 -0.812621 0.000000 0.000000 0.000000 1.000000
0.995495 0.048723 -0.081337 1.991951 -0.048766 0.998809 0.001460 99.774483 0.081311 0.002514 0.996686 -0.779338 0.000000 0.000000 0.000000 1.000000
0.995896 0.051405 -0.074486 1.818140 -0.051023 0.998673 0.007021 99.803711 0.074748 -0.003191 0.997197 -0.555569 0.000000 0.000000 0.000000 1.000000
0.996654 0.051170 -0.063742 1.605756 -0.050470 0.998647 0.012545 99.968285 0.064297 -0.009286 0.997888 -0.372673 0.000000 0.000000 0.000000 1.000000
0.997714 0.048042 -0.047532 1.394809 -0.047374 0.998763 0.015082 100.177376 0.048198 -0.012796 0.998756 -0.262295 0.000000 0.000000 0.000000 1.000000
0.998608 0.043679 -0.029579 1.181817 -0.043242 0.998948 0.015232 100.406158 0.030213 -0.013932 0.999446 -0.172967 0.000000 0.000000 0.000000 1.000000
0.999153 0.038345 -0.014907 0.979224 -0.038120 0.999159 0.015089 100.645096 0.015473 -0.014508 0.999775 -0.065471 0.000000 0.000000 0.000000 1.000000
0.999475 0.031949 -0.005445 0.794169 -0.031864 0.999379 0.015014 100.863174 0.005921 -0.014833 0.999872 0.064399 0.000000 0.000000 0.000000 1.000000
0.999684 0.025141 0.000017 0.620706 -0.025138 0.999583 0.014220 101.018257 0.000341 -0.014216 0.999899 0.189360 0.000000 0.000000 0.000000 1.000000
0.999823 0.018421 0.003721 0.461368 -0.018467 0.999746 0.012918 101.095428 -0.003482 -0.012985 0.999910 0.303494 0.000000 0.000000 0.000000 1.000000
0.999899 0.012043 0.007585 0.316215 -0.012132 0.999856 0.011842 101.099525 -0.007441 -0.011933 0.999901 0.402901 0.000000 0.000000 0.000000 1.000000
0.999900 0.007454 0.012041 0.185195 -0.007583 0.999914 0.010676 101.015900 -0.011960 -0.010766 0.999871 0.432375 0.000000 0.000000 0.000000 1.000000
0.999855 0.006895 0.015585 0.059312 -0.007028 0.999939 0.008486 100.821724 -0.015525 -0.008594 0.999843 0.347496 0.000000 0.000000 0.000000 1.000000
0.999809 0.009639 0.016987 -0.077104 -0.009736 0.999937 0.005623 100.558968 -0.016931 -0.005788 0.999840 0.183130 0.000000 0.000000 0.000000 1.000000
0.999758 0.011698 0.018623 -0.194539 -0.011792 0.999918 0.004974 100.334511 -0.018564 -0.005193 0.999814 -0.032416 0.000000 0.000000 0.000000 1.000000
0.999618 0.010577 0.025527 -0.292422 -0.010839 0.999890 0.010153 100.349579 -0.025417 -0.010426 0.999623 -0.073822 0.000000 0.000000 0.000000 1.000000
0.999220 0.006468 0.038945 -0.387214 -0.007262 0.999768 0.020270 100.625435 -0.038805 -0.020537 0.999036 0.099879 0.000000 0.000000 0.000000 1.000000
0.998597 0.001423 0.052938 -0.445881 -0.002937 0.999589 0.028529 100.970978 -0.052876 -0.028645 0.998190 0.269996 0.000000 0.000000 0.000000 1.000000
0.998206 -0.002484 0.059823 -0.461143 0.000727 0.999568 0.029377 101.171127 -0.059870 -0.029281 0.997777 0.351216 0.000000 0.000000 0.000000 1.000000
0.998311 -0.003877 0.057960 -0.462303 0.002493 0.999711 0.023927 101.174805 -0.058036 -0.023742 0.998032 0.407713 0.000000 0.000000 0.000000 1.000000
0.998628 -0.002837 0.052282 -0.485272 0.001980 0.999863 0.016444 101.080505 -0.052322 -0.016318 0.998497 0.431615 0.000000 0.000000 0.000000 1.000000
0.998855 -0.001105 0.047822 -0.538572 0.000642 0.999953 0.009699 100.979645 -0.047831 -0.009657 0.998809 0.401010 0.000000 0.000000 0.000000 1.000000
0.999004 0.000156 0.044631 -0.586575 -0.000379 0.999987 0.004996 100.916199 -0.044630 -0.005008 0.998991 0.361608 0.000000 0.000000 0.000000 1.000000
0.999228 0.001157 0.039272 -0.619357 -0.001275 0.999995 0.002969 100.895195 -0.039268 -0.003017 0.999224 0.371717 0.000000 0.000000 0.000000 1.000000
0.999553 0.002811 0.029748 -0.631515 -0.002896 0.999992 0.002800 100.903328 -0.029740 -0.002885 0.999554 0.434591 0.000000 0.000000 0.000000 1.000000
0.999830 0.005421 0.017631 -0.633094 -0.005470 0.999981 0.002707 100.920128 -0.017616 -0.002803 0.999841 0.500736 0.000000 0.000000 0.000000 1.000000
0.999946 0.008472 0.006071 -0.618934 -0.008485 0.999962 0.002173 100.928452 -0.006052 -0.002224 0.999979 0.529066 0.000000 0.000000 0.000000 1.000000
0.999932 0.011317 -0.002960 -0.575304 -0.011310 0.999933 0.002373 100.925728 0.002987 -0.002339 0.999993 0.549936 0.000000 0.000000 0.000000 1.000000
0.999862 0.013761 -0.009346 -0.505943 -0.013724 0.999898 0.004043 100.921242 0.009401 -0.003915 0.999948 0.571828 0.000000 0.000000 0.000000 1.000000
0.999778 0.015882 -0.013831 -0.422611 -0.015793 0.999854 0.006496 100.923660 0.013932 -0.006276 0.999883 0.579033 0.000000 0.000000 0.000000 1.000000
0.999698 0.017835 -0.016884 -0.318716 -0.017687 0.999804 0.008847 100.933090 0.017039 -0.008546 0.999818 0.586471 0.000000 0.000000 0.000000 1.000000
0.999634 0.019830 -0.018416 -0.204543 -0.019632 0.999749 0.010832 100.949356 0.018626 -0.010466 0.999772 0.607928 0.000000 0.000000 0.000000 1.000000
0.999594 0.021753 -0.018428 -0.115092 -0.021525 0.999690 0.012508 100.971001 0.018694 -0.012106 0.999752 0.587802 0.000000 0.000000 0.000000 1.000000
0.999580 0.023117 -0.017493 -0.024412 -0.022875 0.999641 0.013952 100.988747 0.017809 -0.013546 0.999750 0.560158 0.000000 0.000000 0.000000 1.000000
0.999582 0.023855 -0.016318 0.058904 -0.023608 0.999606 0.015215 100.996643 0.016674 -0.014824 0.999751 0.528431 0.000000 0.000000 0.000000 1.000000
0.999582 0.024582 -0.015245 0.110305 -0.024332 0.999570 0.016385 100.999008 0.015641 -0.016007 0.999750 0.483622 0.000000 0.000000 0.000000 1.000000</float_array>
        <technique_common>
          <accessor source="#mixamorig_Hips-Matrix-animation-output-transform-array" count="89" stride="16">
            <param type="float4x4"/>
          </accessor>
        </technique_common>
      </source>
      <source id="mixamorig_Hips-Interpolations">
        <Name_array id="mixamorig_Hips-Interpolations-array" count="89">
 LINEAR LINEAR LINEAR LINEAR LINEAR LINEAR LINEAR LINEAR LINEAR LINEAR LINEAR
LINEAR LINEAR LINEAR LINEAR LINEAR LINEAR LINEAR LINEAR LINEAR LINEAR LINEAR LINEAR
LINEAR LINEAR LINEAR LINEAR LINEAR LINEAR LINEAR LINEAR LINEAR LINEAR LINEAR LINEAR
LINEAR LINEAR LINEAR LINEAR LINEAR LINEAR LINEAR LINEAR LINEAR LINEAR LINEAR LINEAR
LINEAR LINEAR LINEAR LINEAR LINEAR LINEAR LINEAR LINEAR LINEAR LINEAR LINEAR LINEAR
LINEAR LINEAR LINEAR LINEAR LINEAR LINEAR LINEAR LINEAR LINEAR LINEAR LINEAR LINEAR
LINEAR LINEAR LINEAR LINEAR LINEAR LINEAR LINEAR LINEAR LINEAR LINEAR LINEAR LINEAR
LINEAR LINEAR LINEAR LINEAR LINEAR LINEAR</Name_array>
        <technique_common>
          <accessor source="#mixamorig_Hips-Interpolations-array" count="89">
            <param type="name"/>
          </accessor>
        </technique_common>
      </source>
      <sampler id="mixamorig_Hips-Matrix-animation-transform">
        <input semantic="INPUT" source="#mixamorig_Hips-Matrix-animation-input"/>
        <input semantic="OUTPUT" source="#mixamorig_Hips-Matrix-animation-output-transform"/>
        <input semantic="INTERPOLATION" source="#mixamorig_Hips-Interpolations"/>
      </sampler>
      <channel source="#mixamorig_Hips-Matrix-animation-transform" target="mixamorig_Hips/matrix"/>
    </animation>
    <animation id="mixamorig_Spine-anim" name="mixamorig_Spine">
      <source id="mixamorig_Spine-Matrix-animation-input">
        <float_array id="mixamorig_Spine-Matrix-animation-input-array" count="89">

0.000000 0.033333 0.066667 0.100000 0.133333 0.166667 0.200000 0.233333 0.266667 0.300000 0.333333 0.366667 0.400000 0.433333 0.466667 0.500000
0.533333 0.566667 0.600000 0.633333 0.666667 0.700000 0.733333 0.766667 0.800000 0.833333 0.866667 0.900000 0.933333 0.966667 1.000000 1.033333
1.066667 1.100000 1.133333 1.166667 1.200000 1.233333 1.266667 1.300000 1.333333 1.366667 1.400000 1.433333 1.466667 1.500000 1.533333 1.566667
1.600000 1.633333 1.666667 1.700000 1.733333 1.766667 1.800000 1.833333 1.866667 1.900000 1.933333 1.966667 2.000000 2.033333 2.066667 2.100000
2.133333 2.166667 2.200000 2.233333 2.266667 2.300000 2.333333 2.366667 2.400000 2.433333 2.466667 2.500000 2.533333 2.566667 2.600000 2.633333
2.666667 2.700000 2.733333 2.766667 2.800000 2.833333 2.866667 2.900000 2.933333</float_array>
        <technique_common>
          <accessor source="#mixamorig_Spine-Matrix-animation-input-array" count="89">
            <param name="TIME" type="float"/>
          </accessor>
        </technique_common>
      </source>
      <source id="mixamorig_Spine-Matrix-animation-output-transform">
        <float_array id="mixamorig_Spine-Matrix-animation-output-transform-array" count="1424">

0.999585 0.028791 -0.000795 -0.000000 -0.028572 0.994720 0.098568 9.527200 0.003629 -0.098504 0.995130 -1.123700 0.000000 0.000000 0.000000 1.000000
0.999638 0.026619 -0.003834 0.000000 -0.026096 0.994548 0.100959 9.527200 0.006501 -0.100822 0.994883 -1.123700 0.000000 0.000000 0.000000 1.000000
0.999646 0.025603 -0.007204 0.000000 -0.024749 0.994612 0.100671 9.527200 0.009743 -0.100457 0.994894 -1.123700 0.000000 0.000000 0.000000 1.000000
0.999590 0.025722 -0.012565 0.000000 -0.024385 0.994987 0.096982 9.527200 0.014997 -0.096636 0.995207 -1.123700 0.000000 0.000000 0.000000 1.000000
0.999443 0.026152 -0.020720 -0.000000 -0.024175 0.995604 0.090488 9.527200 0.022995 -0.089937 0.995682 -1.123700 0.000000 0.000000 0.000000 1.000000
0.999220 0.026046 -0.029672 0.000000 -0.023500 0.996261 0.083134 9.527200 0.031727 -0.082372 0.996097 -1.123700 0.000000 0.000000 0.000000 1.000000
0.999036 0.026103 -0.035281 0.000000 -0.023331 0.996772 0.076822 9.527200 0.037173 -0.075924 0.996420 -1.123700 0.000000 0.000000 0.000000 1.000000
0.999010 0.027403 -0.035055 0.000000 -0.024811 0.997071 0.072344 9.527200 0.036935 -0.071402 0.996764 -1.123700 0.000000 0.000000 0.000000 1.000000
0.999075 0.030288 -0.030528 0.000000 -0.028111 0.997195 0.069365 9.527200 0.032544 -0.068442 0.997124 -1.123700 0.000000 0.000000 0.000000 1.000000
0.999110 0.033541 -0.025561 0.000000 -0.031759 0.997234 0.067195 9.527200 0.027744 -0.066323 0.997412 -1.123700 0.000000 0.000000 0.000000 1.000000
0.999131 0.034967 -0.022682 0.000000 -0.033408 0.997273 0.065802 9.527200 0.024921 -0.064987 0.997575 -1.123700 0.000000 0.000000 0.000000 1.000000
0.999224 0.033154 -0.021265 0.000000 -0.031678 0.997293 0.066357 9.527200 0.023408 -0.065632 0.997569 -1.123700 0.000000 0.000000 0.000000 1.000000
0.999406 0.029209 -0.018313 0.000000 -0.027848 0.997115 0.070613 9.527200 0.020322 -0.070061 0.997336 -1.123700 0.000000 0.000000 0.000000 1.000000
0.999580 0.027083 -0.010337 0.000000 -0.026182 0.996521 0.079124 9.527200 0.012444 -0.078820 0.996811 -1.123700 0.000000 0.000000 0.000000 1.000000
0.999519 0.030719 0.004180 0.000000 -0.030971 0.995488 0.089687 9.527200 -0.001406 -0.089774 0.995961 -1.123700 0.000000 0.000000 0.000000 1.000000
0.998970 0.039387 0.022527 0.000000 -0.041411 0.994337 0.097877 9.527200 -0.018544 -0.098709 0.994944 -1.123700 0.000000 0.000000 0.000000 1.000000
0.998086 0.047989 0.039007 0.000000 -0.051679 0.993659 0.099851 9.527200 -0.033968 -0.101676 0.994238 -1.123700 0.000000 0.000000 0.000000 1.000000
0.997458 0.050919 0.049853 -0.000000 -0.055474 0.993958 0.094716 9.527200 -0.044728 -0.097240 0.994255 -1.123700 0.000000 0.000000 0.000000 1.000000
0.997234 0.047799 0.056911 0.000000 -0.052512 0.995046 0.084413 9.527200 -0.052595 -0.087169 0.994804 -1.123700 0.000000 0.000000 0.000000 1.000000
0.996995 0.043045 0.064405 -0.000000 -0.047686 0.996239 0.072344 9.527200 -0.061049 -0.075198 0.995298 -1.123700 0.000000 0.000000 0.000000 1.000000
0.996668 0.037795 0.072282 0.000000 -0.042309 0.997181 0.061971 9.527200 -0.069736 -0.064822 0.995457 -1.123700 0.000000 0.000000 0.000000 1.000000
0.996455 0.033286 0.077267 0.000000 -0.037608 0.997768 0.055173 9.527200 -0.075258 -0.057883 0.995483 -1.123700 0.000000 0.000000 0.000000 1.000000
0.996512 0.030388 0.077722 0.000000 -0.034506 0.998040 0.052201 9.527200 -0.075984 -0.054700 0.995608 -1.123700 0.000000 0.000000 0.000000 1.000000
0.996681 0.029753 0.075776 0.000000 -0.033793 0.998043 0.052608 9.527200 -0.074063 -0.054994 0.995736 -1.123700 0.000000 0.000000 0.000000 1.000000
0.996764 0.031279 0.074050 -0.000000 -0.035460 0.997810 0.055843 9.527200 -0.072141 -0.058288 0.995690 -1.123700 0.000000 0.000000 0.000000 1.000000
0.996799 0.033494 0.072601 0.000000 -0.037948 0.997424 0.060867 9.527200 -0.070375 -0.063427 0.995502 -1.123700 0.000000 0.000000 0.000000 1.000000
0.996976 0.033771 0.069988 -0.000000 -0.038381 0.997106 0.065617 9.527200 -0.067569 -0.068105 0.995387 -1.123700 0.000000 0.000000 0.000000 1.000000
0.997341 0.030755 0.066063 -0.000000 -0.035218 0.997098 0.067487 9.527200 -0.063796 -0.069634 0.995531 -1.123700 0.000000 0.000000 0.000000 1.000000
0.997749 0.025076 0.062191 0.000000 -0.029129 0.997451 0.065142 9.527200 -0.060398 -0.066807 0.995936 -1.123700 0.000000 0.000000 0.000000 1.000000
0.998053 0.019414 0.059278 -0.000000 -0.022962 0.997948 0.059767 9.527200 -0.057996 -0.061011 0.996451 -1.123700 0.000000 0.000000 0.000000 1.000000
0.998255 0.017905 0.056262 0.000000 -0.020957 0.998314 0.054133 9.527200 -0.055198 -0.055217 0.996947 -1.123700 0.000000 0.000000 0.000000 1.000000
0.998478 0.022183 0.050491 -0.000000 -0.024745 0.998407 0.050698 9.527200 -0.049286 -0.051870 0.997437 -1.123700 0.000000 0.000000 0.000000 1.000000
0.998731 0.029875 0.040553 0.000000 -0.031906 0.998219 0.050401 9.527200 -0.038975 -0.051631 0.997905 -1.123700 0.000000 0.000000 0.000000 1.000000
0.998927 0.036534 0.028451 0.000000 -0.037992 0.997896 0.052529 9.527200 -0.026472 -0.053554 0.998214 -1.123700 0.000000 0.000000 0.000000 1.000000
0.999044 0.039747 0.018178 0.000000 -0.040701 0.997629 0.055491 9.527200 -0.015929 -0.056178 0.998294 -1.123700 0.000000 0.000000 0.000000 1.000000
0.999143 0.039695 0.011730 0.000000 -0.040315 0.997476 0.058454 9.527200 -0.009380 -0.058877 0.998221 -1.123700 0.000000 0.000000 0.000000 1.000000
0.999248 0.038004 0.007753 0.000000 -0.038414 0.997316 0.062326 9.527200 -0.005363 -0.062577 0.998026 -1.123700 0.000000 0.000000 0.000000 1.000000
0.999308 0.036974 0.004136 -0.000000 -0.037171 0.996935 0.068842 9.527200 -0.001577 -0.068948 0.997619 -1.123700 0.000000 0.000000 0.000000 1.000000
0.999274 0.038103 0.000340 -0.000000 -0.038012 0.996187 0.078530 9.527200 0.002653 -0.078486 0.996912 -1.123700 0.000000 0.000000 0.000000 1.000000
0.999163 0.040767 -0.003403 0.000000 -0.040299 0.995161 0.089609 9.527200 0.007040 -0.089396 0.995971 -1.123700 0.000000 0.000000 0.000000 1.000000
0.998969 0.044804 -0.007275 0.000000 -0.043865 0.994120 0.098998 9.527200 0.011668 -0.098577 0.995061 -1.123700 0.000000 0.000000 0.000000 1.000000
0.998742 0.048682 -0.011989 0.000000 -0.047170 0.993424 0.104324 9.527200 0.016989 -0.103627 0.994471 -1.123700 0.000000 0.000000 0.000000 1.000000
0.998629 0.049305 -0.017574 0.000000 -0.047197 0.993356 0.104957 9.527200 0.022632 -0.103984 0.994321 -1.123700 0.000000 0.000000 0.000000 1.000000
0.998681 0.045981 -0.022865 -0.000000 -0.043428 0.993858 0.101788 9.527200 0.027405 -0.100661 0.994543 -1.123700 0.000000 0.000000 0.000000 1.000000
0.998767 0.041671 -0.026991 0.000000 -0.038885 0.994564 0.096590 9.527200 0.030870 -0.095422 0.994958 -1.123700 0.000000 0.000000 0.000000 1.000000
0.998729 0.040286 -0.030299 -0.000000 -0.037372 0.995125 0.091264 9.527200 0.033828 -0.090016 0.995366 -1.123700 0.000000 0.000000 0.000000 1.000000
0.998521 0.042867 -0.033453 0.000000 -0.039816 0.995406 0.087075 9.527200 0.037032 -0.085614 0.995640 -1.123700 0.000000 0.000000 0.000000 1.000000
0.998250 0.046597 -0.036402 -0.000000 -0.043388 0.995482 0.084454 9.527200 0.040173 -0.082726 0.995762 -1.123700 0.000000 0.000000 0.000000 1.000000
0.998078 0.048659 -0.038364 0.000000 -0.045325 0.995481 0.083443 9.527200 0.042251 -0.081544 0.995774 -1.123700 0.000000 0.000000 0.000000 1.000000
0.998027 0.049768 -0.038285 -0.000000 -0.046419 0.995395 0.083873 9.527200 0.042283 -0.081930 0.995741 -1.123700 0.000000 0.000000 0.000000 1.000000
0.997994 0.052993 -0.034625 0.000000 -0.049890 0.995128 0.085033 9.527200 0.038963 -0.083135 0.995776 -1.123700 0.000000 0.000000 0.000000 1.000000
0.997914 0.059379 -0.025330 0.000000 -0.057003 0.994665 0.085977 9.527200 0.030300 -0.084353 0.995975 -1.123700 0.000000 0.000000 0.000000 1.000000
0.997826 0.065171 -0.009755 -0.000000 -0.064087 0.994184 0.086554 9.527200 0.015339 -0.085741 0.996199 -1.123700 0.000000 0.000000 0.000000 1.000000
0.997796 0.065744 0.009036 0.000000 -0.066283 0.993960 0.087459 9.527200 -0.003231 -0.087865 0.996127 -1.123700 0.000000 0.000000 0.000000 1.000000
0.997817 0.061159 0.024901 0.000000 -0.063137 0.994079 0.088430 9.527200 -0.019345 -0.089810 0.995771 -1.123700 0.000000 0.000000 0.000000 1.000000
0.997948 0.055080 0.032664 -0.000000 -0.057750 0.994501 0.087369 9.527200 -0.027672 -0.089076 0.995640 -1.123700 0.000000 0.000000 0.000000 1.000000
0.998179 0.051078 0.032079 0.000000 -0.053580 0.995133 0.082697 9.527200 -0.027699 -0.084266 0.996058 -1.123700 0.000000 0.000000 0.000000 1.000000
0.998417 0.049243 0.027159 0.000000 -0.051177 0.995809 0.075798 9.527200 -0.023312 -0.077068 0.996753 -1.123700 0.000000 0.000000 0.000000 1.000000
0.998602 0.047905 0.022357 -0.000000 -0.049361 0.996335 0.069859 9.527200 -0.018929 -0.070865 0.997306 -1.123700 0.000000 0.000000 0.000000 1.000000
0.998733 0.046236 0.019844 -0.000000 -0.047471 0.996618 0.067070 9.527200 -0.016676 -0.067927 0.997551 -1.123700 0.000000 0.000000 0.000000 1.000000
0.998805 0.044697 0.019755 0.000000 -0.045937 0.996655 0.067595 9.527200 -0.016668 -0.068422 0.997517 -1.123700 0.000000 0.000000 0.000000 1.000000
0.998811 0.043746 0.021510 -0.000000 -0.045162 0.996493 0.070441 9.527200 -0.018353 -0.071329 0.997284 -1.123700 0.000000 0.000000 0.000000 1.000000
0.998771 0.043111 0.024453 -0.000000 -0.044822 0.996223 0.074367 9.527200 -0.021154 -0.075372 0.996931 -1.123700 0.000000 0.000000 0.000000 1.000000
0.998733 0.041834 0.027966 -0.000000 -0.043908 0.995970 0.078198 9.527200 -0.024582 -0.079327 0.996546 -1.123700 0.000000 0.000000 0.000000 1.000000
0.998764 0.038502 0.031441 0.000000 -0.040942 0.995870 0.081029 9.527200 -0.028192 -0.082216 0.996216 -1.123700 0.000000 0.000000 0.000000 1.000000
0.998904 0.032295 0.033883 -0.000000 -0.034998 0.995978 0.082482 9.527200 -0.031083 -0.083577 0.996016 -1.123700 0.000000 0.000000 0.000000 1.000000
0.999116 0.024968 0.033819 -0.000000 -0.027689 0.996201 0.082566 9.527200 -0.031629 -0.083430 0.996012 -1.123700 0.000000 0.000000 0.000000 1.000000
0.999348 0.019829 0.030163 0.000000 -0.022223 0.996447 0.081236 9.527200 -0.028445 -0.081854 0.996238 -1.123700 0.000000 0.000000 0.000000 1.000000
0.999554 0.018376 0.023543 0.000000 -0.020171 0.996718 0.078403 9.527200 -0.022025 -0.078843 0.996644 -1.123700 0.000000 0.000000 0.000000 1.000000
0.999657 0.020178 0.016697 0.000000 -0.021369 0.996990 0.074527 9.527200 -0.015143 -0.074858 0.997079 -1.123700 0.000000 0.000000 0.000000 1.000000
0.999660 0.022898 0.012464 -0.000000 -0.023726 0.997198 0.070939 9.527200 -0.010805 -0.071210 0.997403 -1.123700 0.000000 0.000000 0.000000 1.000000
0.999638 0.024191 0.011741 0.000000 -0.024946 0.997297 0.069112 9.527200 -0.010037 -0.069380 0.997540 -1.123700 0.000000 0.000000 0.000000 1.000000
0.999643 0.023242 0.013183 -0.000000 -0.024106 0.997279 0.069671 9.527200 -0.011528 -0.069964 0.997483 -1.123700 0.000000 0.000000 0.000000 1.000000
0.999675 0.021031 0.014404 0.000000 -0.022018 0.997148 0.072188 9.527200 -0.012845 -0.072482 0.997287 -1.123700 0.000000 0.000000 0.000000 1.000000
0.999717 0.019532 0.013553 -0.000000 -0.020504 0.996918 0.075722 9.527200 -0.012033 -0.075979 0.997037 -1.123700 0.000000 0.000000 0.000000 1.000000
0.999755 0.019553 0.010332 0.000000 -0.020313 0.996631 0.079462 9.527200 -0.008744 -0.079653 0.996784 -1.123700 0.000000 0.000000 0.000000 1.000000
0.999771 0.020509 0.006146 -0.000000 -0.020949 0.996318 0.083138 9.527200 -0.004418 -0.083248 0.996519 -1.123700 0.000000 0.000000 0.000000 1.000000
0.999768 0.021329 0.002897 0.000000 -0.021500 0.995977 0.086990 9.527200 -0.001030 -0.087032 0.996205 -1.123700 0.000000 0.000000 0.000000 1.000000
0.999765 0.021643 0.001407 0.000000 -0.021681 0.995601 0.091149 9.527200 0.000572 -0.091158 0.995836 -1.123700 0.000000 0.000000 0.000000 1.000000
0.999761 0.021834 0.000981 0.000000 -0.021828 0.995235 0.095026 9.527200 0.001098 -0.095025 0.995474 -1.123700 0.000000 0.000000 0.000000 1.000000
0.999749 0.022395 0.000477 -0.000000 -0.022334 0.994970 0.097647 9.527200 0.001712 -0.097633 0.995221 -1.123700 0.000000 0.000000 0.000000 1.000000
0.999726 0.023407 -0.000487 0.000000 -0.023245 0.994850 0.098661 9.527200 0.002794 -0.098623 0.995121 -1.123700 0.000000 0.000000 0.000000 1.000000
0.999697 0.024582 -0.001443 0.000000 -0.024320 0.994822 0.098683 9.527200 0.003862 -0.098618 0.995118 -1.123700 0.000000 0.000000 0.000000 1.000000
0.999671 0.025568 -0.001889 -0.000000 -0.025257 0.994811 0.098557 9.527200 0.004399 -0.098477 0.995130 -1.123700 0.000000 0.000000 0.000000 1.000000
0.999654 0.026239 -0.001830 0.000000 -0.025931 0.994787 0.098619 9.527200 0.004408 -0.098537 0.995124 -1.123700 0.000000 0.000000 0.000000 1.000000
0.999641 0.026760 -0.001578 -0.000000 -0.026473 0.994761 0.098736 9.527200 0.004211 -0.098659 0.995112 -1.123700 0.000000 0.000000 0.000000 1.000000
0.999625 0.027344 -0.001338 0.000000 -0.027078 0.994742 0.098763 9.527200 0.004032 -0.098690 0.995110 -1.123700 0.000000 0.000000 0.000000 1.000000
0.999605 0.028065 -0.001101 0.000000 -0.027820 0.994726 0.098725 9.527200 0.003866 -0.098655 0.995114 -1.123700 0.000000 0.000000 0.000000 1.000000
0.999585 0.028789 -0.000796 0.000000 -0.028570 0.994706 0.098713 9.527200 0.003634 -0.098650 0.995116 -1.123700 0.000000 0.000000 0.000000 1.000000</float_array>
        <technique_common>
          <accessor source="#mixamorig_Spine-Matrix-animation-output-transform-array" count="89" stride="16">
            <param type="float4x4"/>
          </accessor>
        </technique_common>
      </source>
      <source id="mixamorig_Spine-Interpolations">
        <Name_array id="mixamorig_Spine-Interpolations-array" count="89">
 LINEAR LINEAR LINEAR LINEAR LINEAR LINEAR LINEAR LINEAR LINEAR LINEAR LINEAR
LINEAR LINEAR LINEAR LINEAR LINEAR LINEAR LINEAR LINEAR LINEAR LINEAR LINEAR LINEAR
LINEAR LINEAR LINEAR LINEAR LINEAR LINEAR LINEAR LINEAR LINEAR LINEAR LINEAR LINEAR
LINEAR LINEAR LINEAR LINEAR LINEAR LINEAR LINEAR LINEAR LINEAR LINEAR LINEAR LINEAR
LINEAR LINEAR LINEAR LINEAR LINEAR LINEAR LINEAR LINEAR LINEAR LINEAR LINEAR LINEAR
LINEAR LINEAR LINEAR LINEAR LINEAR LINEAR LINEAR LINEAR LINEAR LINEAR LINEAR LINEAR
LINEAR LINEAR LINEAR LINEAR LINEAR LINEAR LINEAR LINEAR LINEAR LINEAR LINEAR LINEAR
LINEAR LINEAR LINEAR LINEAR LINEAR LINEAR</Name_array>
        <technique_common>
          <accessor source="#mixamorig_Spine-Interpolations-array" count="89">
            <param type="name"/>
          </accessor>
        </technique_common>
      </source>
      <sampler id="mixamorig_Spine-Matrix-animation-transform">
        <input semantic="INPUT" source="#mixamorig_Spine-Matrix-animation-input"/>
        <input semantic="OUTPUT" source="#mixamorig_Spine-Matrix-animation-output-transform"/>
        <input semantic="INTERPOLATION" source="#mixamorig_Spine-Interpolations"/>
      </sampler>
      <channel source="#mixamorig_Spine-Matrix-animation-transform" target="mixamorig_Spine/matrix"/>
    </animation>
    <animation id="mixamorig_Spine1-anim" name="mixamorig_Spine1">
      <source id="mixamorig_Spine1-Matrix-animation-input">
        <float_array id="mixamorig_Spine1-Matrix-animation-input-array" count="89">

0.000000 0.033333 0.066667 0.100000 0.133333 0.166667 0.200000 0.233333 0.266667 0.300000 0.333333 0.366667 0.400000 0.433333 0.466667 0.500000
0.533333 0.566667 0.600000 0.633333 0.666667 0.700000 0.733333 0.766667 0.800000 0.833333 0.866667 0.900000 0.933333 0.966667 1.000000 1.033333
1.066667 1.100000 1.133333 1.166667 1.200000 1.233333 1.266667 1.300000 1.333333 1.366667 1.400000 1.433333 1.466667 1.500000 1.533333 1.566667
1.600000 1.633333 1.666667 1.700000 1.733333 1.766667 1.800000 1.833333 1.866667 1.900000 1.933333 1.966667 2.000000 2.033333 2.066667 2.100000
2.133333 2.166667 2.200000 2.233333 2.266667 2.300000 2.333333 2.366667 2.400000 2.433333 2.466667 2.500000 2.533333 2.566667 2.600000 2.633333
2.666667 2.700000 2.733333 2.766667 2.800000 2.833333 2.866667 2.900000 2.933333</float_array>
        <technique_common>
          <accessor source="#mixamorig_Spine1-Matrix-animation-input-array" count="89">
            <param name="TIME" type="float"/>
          </accessor>
        </technique_common>
      </source>
      <source id="mixamorig_Spine1-Matrix-animation-output-transform">
        <float_array id="mixamorig_Spine1-Matrix-animation-output-transform-array" count="1424">

0.999998 0.001576 0.001483 0.000000 -0.001672 0.997751 0.067008 11.192100 -0.001374 -0.067011 0.997751 0.000000 0.000000 0.000000 0.000000 1.000000
1.000000 0.000566 0.000539 0.000000 -0.000600 0.997872 0.065206 11.192100 -0.000501 -0.065206 0.997872 0.000000 0.000000 0.000000 0.000000 1.000000
1.000000 -0.000217 -0.000492 0.000000 0.000248 0.997999 0.063223 11.192100 0.000477 -0.063223 0.997999 0.000000 0.000000 0.000000 0.000000 1.000000
0.999998 -0.000837 -0.002070 0.000000 0.000963 0.998121 0.061268 11.192100 0.002015 -0.061270 0.998119 0.000000 0.000000 0.000000 0.000000 1.000000
0.999989 -0.001369 -0.004407 0.000000 0.001629 0.998220 0.059615 11.192100 0.004317 -0.059621 0.998212 0.000000 0.000000 0.000000 0.000000 1.000000
0.999975 -0.001718 -0.006924 0.000000 0.002120 0.998283 0.058529 11.192100 0.006811 -0.058542 0.998262 0.000000 0.000000 0.000000 0.000000 1.000000
0.999963 -0.001574 -0.008463 0.000000 0.002064 0.998302 0.058208 11.192100 0.008357 -0.058223 0.998269 0.000000 0.000000 0.000000 0.000000 1.000000
0.999965 -0.000688 -0.008303 0.000000 0.001174 0.998277 0.058667 11.192100 0.008248 -0.058675 0.998243 0.000000 0.000000 0.000000 0.000000 1.000000
0.999976 0.000808 -0.006871 0.000000 -0.000397 0.998224 0.059565 11.192100 0.006907 -0.059561 0.998201 0.000000 0.000000 0.000000 0.000000 1.000000
0.999983 0.002380 -0.005304 -0.000000 -0.002056 0.998180 0.060276 11.192100 0.005438 -0.060264 0.998168 0.000000 0.000000 0.000000 0.000000 1.000000
0.999985 0.003360 -0.004396 0.000000 -0.003089 0.998169 0.060405 11.192100 0.004591 -0.060391 0.998164 0.000000 0.000000 0.000000 0.000000 1.000000
0.999986 0.003362 -0.004022 0.000000 -0.003114 0.998176 0.060284 11.192100 0.004217 -0.060271 0.998173 -0.000000 0.000000 0.000000 0.000000 1.000000
0.999991 0.002680 -0.003303 0.000000 -0.002475 0.998150 0.060749 11.192100 0.003459 -0.060740 0.998148 0.000000 0.000000 0.000000 0.000000 1.000000
0.999997 0.002294 -0.001149 0.000000 -0.002219 0.998061 0.062202 11.192100 0.001290 -0.062199 0.998063 0.000000 0.000000 0.000000 0.000000 1.000000
0.999991 0.003090 0.002948 0.000000 -0.003272 0.997948 0.063953 11.192100 -0.002744 -0.063962 0.997949 0.000000 0.000000 0.000000 0.000000 1.000000
0.999954 0.004850 0.008221 -0.000000 -0.005372 0.997888 0.064731 11.192100 -0.007890 -0.064772 0.997869 0.000000 0.000000 0.000000 0.000000 1.000000
0.999896 0.006332 0.012969 -0.000000 -0.007149 0.997927 0.063951 11.192100 -0.012537 -0.064038 0.997869 0.000000 0.000000 0.000000 0.000000 1.000000
0.999849 0.006562 0.016092 0.000000 -0.007553 0.998029 0.062299 11.192100 -0.015652 -0.062411 0.997928 -0.000000 0.000000 0.000000 0.000000 1.000000
0.999820 0.005727 0.018105 0.000000 -0.006821 0.998118 0.060942 11.192100 -0.017721 -0.061055 0.997977 0.000000 0.000000 0.000000 0.000000 1.000000
0.999787 0.004602 0.020131 -0.000000 -0.005810 0.998159 0.060371 11.192100 -0.019816 -0.060475 0.997973 0.000000 0.000000 0.000000 0.000000 1.000000
0.999746 0.003595 0.022239 -0.000000 -0.004927 0.998176 0.060170 11.192100 -0.021982 -0.060264 0.997940 0.000000 0.000000 0.000000 0.000000 1.000000
0.999720 0.002707 0.023505 -0.000000 -0.004109 0.998201 0.059808 11.192100 -0.023301 -0.059888 0.997933 0.000000 0.000000 0.000000 0.000000 1.000000
0.999722 0.001998 0.023514 0.000000 -0.003391 0.998231 0.059360 11.192100 -0.023353 -0.059423 0.997960 0.000000 0.000000 0.000000 0.000000 1.000000
0.999736 0.001614 0.022908 0.000000 -0.002972 0.998232 0.059358 11.192100 -0.022772 -0.059410 0.997974 0.000000 0.000000 0.000000 0.000000 1.000000
0.999748 0.001492 0.022412 0.000000 -0.002837 0.998188 0.060111 11.192100 -0.022282 -0.060159 0.997940 -0.000000 0.000000 0.000000 0.000000 1.000000
0.999757 0.001261 0.021994 0.000000 -0.002606 0.998120 0.061240 11.192100 -0.021875 -0.061282 0.997881 -0.000000 0.000000 0.000000 0.000000 1.000000
0.999775 0.000345 0.021202 0.000000 -0.001655 0.998089 0.061777 11.192100 -0.021141 -0.061799 0.997865 0.000000 0.000000 0.000000 0.000000 1.000000
0.999800 -0.001771 0.019913 0.000000 0.000556 0.998147 0.060847 11.192100 -0.019984 -0.060824 0.997948 0.000000 0.000000 0.000000 0.000000 1.000000
0.999817 -0.005000 0.018489 -0.000000 0.003909 0.998275 0.058582 11.192100 -0.018750 -0.058499 0.998111 0.000000 0.000000 0.000000 0.000000 1.000000
0.999816 -0.008238 0.017327 0.000000 0.007249 0.998382 0.056393 11.192100 -0.017763 -0.056257 0.998258 0.000000 0.000000 0.000000 0.000000 1.000000
0.999818 -0.009853 0.016317 0.000000 0.008926 0.998395 0.055935 11.192100 -0.016842 -0.055779 0.998301 0.000000 0.000000 0.000000 0.000000 1.000000
0.999850 -0.008915 0.014829 0.000000 0.008047 0.998307 0.057610 11.192100 -0.015318 -0.057482 0.998229 -0.000000 0.000000 0.000000 0.000000 1.000000
0.999905 -0.005989 0.012406 -0.000000 0.005231 0.998169 0.060253 11.192100 -0.012744 -0.060182 0.998106 0.000000 0.000000 0.000000 0.000000 1.000000
0.999952 -0.002634 0.009438 0.000000 0.002040 0.998054 0.062316 11.192100 -0.009584 -0.062294 0.998012 0.000000 0.000000 0.000000 0.000000 1.000000
0.999976 -0.000146 0.006865 0.000000 -0.000288 0.998003 0.063173 11.192100 -0.006860 -0.063174 0.997979 0.000000 0.000000 0.000000 0.000000 1.000000
0.999986 0.001253 0.005204 0.000000 -0.001580 0.997991 0.063335 11.192100 -0.005114 -0.063342 0.997979 -0.000000 0.000000 0.000000 0.000000 1.000000
