<?xml version="1.0" encoding="utf-8"?>
<COLLADA xmlns="http://www.collada.org/2005/11/COLLADASchema" version="1.4.1">
  <asset>
    <contributor>
      <author>Mixamo</author>
      <authoring_tool>COLLADA Mixamo exporter</authoring_tool>
      <comments/>
    </contributor>
    <created>2022-12-29T15:29:01Z</created>
    <modified>2022-12-29T15:29:01Z</modified>
    <revision/>
    <title/>
    <unit meter="0.010000"/>
    <up_axis>Y_UP</up_axis>
  </asset>
  <library_animations>
    <animation id="mixamorig_Hips-anim" name="mixamorig_Hips">
      <source id="mixamorig_Hips-Matrix-animation-input">
        <float_array id="mixamorig_Hips-Matrix-animation-input-array" count="251">

0.000000 0.033333 0.066667 0.100000 0.133333 0.166667 0.200000 0.233333 0.266667 0.300000 0.333333 0.366667 0.400000 0.433333 0.466667 0.500000
0.533333 0.566667 0.600000 0.633333 0.666667 0.700000 0.733333 0.766667 0.800000 0.833333 0.866667 0.900000 0.933333 0.966667 1.000000 1.033333
1.066667 1.100000 1.133333 1.166667 1.200000 1.233333 1.266667 1.300000 1.333333 1.366667 1.400000 1.433333 1.466667 1.500000 1.533333 1.566667
1.600000 1.633333 1.666667 1.700000 1.733333 1.766667 1.800000 1.833333 1.866667 1.900000 1.933333 1.966667 2.000000 2.033333 2.066667 2.100000
2.133333 2.166667 2.200000 2.233333 2.266667 2.300000 2.333333 2.366667 2.400000 2.433333 2.466667 2.500000 2.533333 2.566667 2.600000 2.633333
2.666667 2.700000 2.733333 2.766667 2.800000 2.833333 2.866667 2.900000 2.933333 2.966667 3.000000 3.033333 3.066667 3.100000 3.133333 3.166667
3.200000 3.233333 3.266667 3.300000 3.333333 3.366667 3.400000 3.433333 3.466667 3.500000 3.533333 3.566667 3.600000 3.633333 3.666667 3.700000
3.733333 3.766667 3.800000 3.833333 3.866667 3.900000 3.933333 3.966667 4.000000 4.033333 4.066667 4.100000 4.133333 4.166667 4.200000 4.233333
4.266667 4.300000 4.333333 4.366667 4.400000 4.433333 4.466667 4.500000 4.533333 4.566667 4.600000 4.633333 4.666667 4.700000 4.733333 4.766667
4.800000 4.833333 4.866667 4.900000 4.933333 4.966667 5.000000 5.033333 5.066667 5.100000 5.133333 5.166667 5.200000 5.233333 5.266667 5.300000
5.333333 5.366667 5.400000 5.433333 5.466667 5.500000 5.533333 5.566667 5.600000 5.633333 5.666667 5.700000 5.733333 5.766667 5.800000 5.833333
5.866667 5.900000 5.933333 5.966667 6.000000 6.033333 6.066667 6.100000 6.133333 6.166667 6.200000 6.233333 6.266667 6.300000 6.333333 6.366667
6.400000 6.433333 6.466667 6.500000 6.533333 6.566667 6.600000 6.633333 6.666667 6.700000 6.733333 6.766667 6.800000 6.833333 6.866667 6.900000
6.933333 6.966667 7.000000 7.033333 7.066667 7.100000 7.133333 7.166667 7.200000 7.233333 7.266667 7.300000 7.333333 7.366667 7.400000 7.433333
7.466667 7.500000 7.533333 7.566667 7.600000 7.633333 7.666667 7.700000 7.733333 7.766667 7.800000 7.833333 7.866667 7.900000 7.933333 7.966667
8.000000 8.033333 8.066667 8.100000 8.133333 8.166667 8.200000 8.233333 8.266667 8.300000 8.333333</float_array>
        <technique_common>
          <accessor source="#mixamorig_Hips-Matrix-animation-input-array" count="251">
            <param name="TIME" type="float"/>
          </accessor>
        </technique_common>
      </source>
      <source id="mixamorig_Hips-Matrix-animation-output-transform">
        <float_array id="mixamorig_Hips-Matrix-animation-output-transform-array" count="4016">

0.993899 0.062262 -0.091036 0.023337 -0.056440 0.996275 0.065194 100.525658 0.094756 -0.059658 0.993711 0.242194 0.000000 0.000000 0.000000 1.000000
0.993901 0.062264 -0.091016 0.024246 -0.056472 0.996294 0.064885 100.526367 0.094718 -0.059350 0.993733 0.243680 0.000000 0.000000 0.000000 1.000000
0.993887 0.062261 -0.091169 0.025294 -0.056481 0.996308 0.064658 100.527878 0.094858 -0.059113 0.993734 0.248728 0.000000 0.000000 0.000000 1.000000
0.993869 0.062235 -0.091389 0.026980 -0.056459 0.996320 0.064485 100.529877 0.095066 -0.058929 0.993725 0.256298 0.000000 0.000000 0.000000 1.000000
0.993836 0.062240 -0.091740 0.028629 -0.056452 0.996327 0.064394 100.532471 0.095410 -0.058819 0.993699 0.265269 0.000000 0.000000 0.000000 1.000000
0.993780 0.062278 -0.092315 0.029799 -0.056460 0.996329 0.064353 100.535530 0.095984 -0.058741 0.993648 0.274733 0.000000 0.000000 0.000000 1.000000
0.993709 0.062317 -0.093059 0.030862 -0.056463 0.996334 0.064273 100.538269 0.096723 -0.058614 0.993584 0.283889 0.000000 0.000000 0.000000 1.000000
0.993635 0.062355 -0.093817 0.032035 -0.056467 0.996341 0.064158 100.539421 0.097474 -0.058452 0.993520 0.292498 0.000000 0.000000 0.000000 1.000000
0.993562 0.062421 -0.094540 0.033048 -0.056496 0.996343 0.064101 100.539215 0.098195 -0.058347 0.993455 0.301044 0.000000 0.000000 0.000000 1.000000
0.993486 0.062523 -0.095269 0.034019 -0.056556 0.996340 0.064102 100.540031 0.098929 -0.058296 0.993385 0.310116 0.000000 0.000000 0.000000 1.000000
0.993408 0.062652 -0.095997 0.035539 -0.056650 0.996339 0.064021 100.543213 0.099657 -0.058160 0.993321 0.319477 0.000000 0.000000 0.000000 1.000000
0.993332 0.062762 -0.096703 0.037487 -0.056744 0.996349 0.063782 100.546898 0.100353 -0.057869 0.993268 0.328452 0.000000 0.000000 0.000000 1.000000
0.993262 0.062829 -0.097379 0.038973 -0.056803 0.996366 0.063469 100.548172 0.101012 -0.057510 0.993222 0.336791 0.000000 0.000000 0.000000 1.000000
0.993199 0.062894 -0.097979 0.039501 -0.056861 0.996380 0.063195 100.547264 0.101599 -0.057194 0.993180 0.344620 0.000000 0.000000 0.000000 1.000000
0.993141 0.063008 -0.098491 0.038454 -0.056965 0.996386 0.063004 100.545959 0.102104 -0.056961 0.993142 0.352127 0.000000 0.000000 0.000000 1.000000
0.993083 0.063188 -0.098965 0.034731 -0.057133 0.996385 0.062864 100.545235 0.102580 -0.056775 0.993103 0.359060 0.000000 0.000000 0.000000 1.000000
0.993029 0.063398 -0.099372 0.028046 -0.057340 0.996385 0.062678 100.544151 0.102986 -0.056543 0.993074 0.364953 0.000000 0.000000 0.000000 1.000000
0.992994 0.063570 -0.099607 0.019699 -0.057533 0.996394 0.062355 100.542107 0.103212 -0.056187 0.993071 0.370439 0.000000 0.000000 0.000000 1.000000
0.992978 0.063685 -0.099693 0.011266 -0.057687 0.996412 0.061938 100.540108 0.103279 -0.055752 0.993089 0.377004 0.000000 0.000000 0.000000 1.000000
0.992964 0.063790 -0.099769 0.003147 -0.057827 0.996427 0.061561 100.539383 0.103339 -0.055359 0.993104 0.384982 0.000000 0.000000 0.000000 1.000000
0.992946 0.063914 -0.099865 -0.005518 -0.057975 0.996435 0.061283 100.539925 0.103426 -0.055062 0.993112 0.393522 0.000000 0.000000 0.000000 1.000000
0.992939 0.064011 -0.099869 -0.015475 -0.058102 0.996445 0.060999 100.540749 0.103418 -0.054765 0.993129 0.402756 0.000000 0.000000 0.000000 1.000000
0.992950 0.064034 -0.099753 -0.026380 -0.058177 0.996468 0.060559 100.540741 0.103279 -0.054329 0.993168 0.413647 0.000000 0.000000 0.000000 1.000000
0.992957 0.064010 -0.099695 -0.037028 -0.058214 0.996499 0.060003 100.540367 0.103186 -0.053777 0.993207 0.427038 0.000000 0.000000 0.000000 1.000000
0.992945 0.063999 -0.099823 -0.046702 -0.058246 0.996526 0.059523 100.541679 0.103286 -0.053289 0.993223 0.443729 0.000000 0.000000 0.000000 1.000000
0.992928 0.063945 -0.100027 -0.055392 -0.058213 0.996547 0.059212 100.544891 0.103468 -0.052970 0.993221 0.463762 0.000000 0.000000 0.000000 1.000000
0.992927 0.063786 -0.100141 -0.063196 -0.058066 0.996566 0.059025 100.548470 0.103562 -0.052792 0.993221 0.485782 0.000000 0.000000 0.000000 1.000000
0.992944 0.063530 -0.100131 -0.070550 -0.057818 0.996585 0.058947 100.549423 0.103534 -0.052742 0.993227 0.507439 0.000000 0.000000 0.000000 1.000000
0.992974 0.063251 -0.100005 -0.078306 -0.057538 0.996597 0.059015 100.547981 0.103398 -0.052846 0.993235 0.527698 0.000000 0.000000 0.000000 1.000000
0.993014 0.062991 -0.099780 -0.087506 -0.057268 0.996601 0.059212 100.546997 0.103171 -0.053084 0.993246 0.548362 0.000000 0.000000 0.000000 1.000000
0.993049 0.062757 -0.099572 -0.099091 -0.057014 0.996598 0.059507 100.548073 0.102968 -0.053416 0.993249 0.572206 0.000000 0.000000 0.000000 1.000000
0.993067 0.062564 -0.099521 -0.113083 -0.056782 0.996587 0.059913 100.549995 0.102930 -0.053847 0.993230 0.599402 0.000000 0.000000 0.000000 1.000000
0.993072 0.062412 -0.099562 -0.128008 -0.056576 0.996569 0.060405 100.551132 0.102991 -0.054354 0.993196 0.626947 0.000000 0.000000 0.000000 1.000000
0.993085 0.062275 -0.099515 -0.141998 -0.056390 0.996550 0.060899 100.551315 0.102964 -0.054866 0.993171 0.652001 0.000000 0.000000 0.000000 1.000000
0.993111 0.062133 -0.099349 -0.154878 -0.056207 0.996531 0.061371 100.551178 0.102818 -0.055364 0.993158 0.673638 0.000000 0.000000 0.000000 1.000000
0.993149 0.061956 -0.099082 -0.167210 -0.055994 0.996513 0.061865 100.550743 0.102569 -0.055893 0.993154 0.691631 0.000000 0.000000 0.000000 1.000000
0.993206 0.061724 -0.098646 -0.179124 -0.055729 0.996493 0.062416 100.550133 0.102153 -0.056494 0.993163 0.706261 0.000000 0.000000 0.000000 1.000000
0.993292 0.061420 -0.097973 -0.190451 -0.055405 0.996476 0.062976 100.549500 0.101496 -0.057125 0.993194 0.718421 0.000000 0.000000 0.000000 1.000000
0.993402 0.061023 -0.097101 -0.200753 -0.055007 0.996466 0.063474 100.549500 0.100631 -0.057714 0.993248 0.728572 0.000000 0.000000 0.000000 1.000000
0.993528 0.060542 -0.096106 -0.209636 -0.054541 0.996466 0.063887 100.549973 0.099634 -0.058232 0.993319 0.735609 0.000000 0.000000 0.000000 1.000000
0.993666 0.060047 -0.094986 -0.217786 -0.054078 0.996469 0.064221 100.549347 0.098507 -0.058677 0.993405 0.738323 0.000000 0.000000 0.000000 1.000000
0.993815 0.059619 -0.093693 -0.227099 -0.053699 0.996473 0.064479 100.546333 0.097206 -0.059049 0.993511 0.737595 0.000000 0.000000 0.000000 1.000000
0.993969 0.059250 -0.092277 -0.238340 -0.053393 0.996475 0.064698 100.541359 0.095785 -0.059381 0.993629 0.735057 0.000000 0.000000 0.000000 1.000000
0.994119 0.058891 -0.090880 -0.250635 -0.053094 0.996475 0.064944 100.536209 0.094384 -0.059737 0.993742 0.731467 0.000000 0.000000 0.000000 1.000000
0.994255 0.058531 -0.089616 -0.263923 -0.052783 0.996473 0.065229 100.532196 0.093118 -0.060124 0.993838 0.726914 0.000000 0.000000 0.000000 1.000000
0.994372 0.058200 -0.088522 -0.279021 -0.052494 0.996472 0.065485 100.528908 0.092021 -0.060470 0.993919 0.721986 0.000000 0.000000 0.000000 1.000000
0.994472 0.057901 -0.087593 -0.296105 -0.052233 0.996473 0.065678 100.525558 0.091087 -0.060740 0.993989 0.718225 0.000000 0.000000 0.000000 1.000000
0.994554 0.057625 -0.086839 -0.314491 -0.051986 0.996474 0.065860 100.522919 0.090328 -0.060987 0.994043 0.716529 0.000000 0.000000 0.000000 1.000000
0.994618 0.057382 -0.086274 -0.334470 -0.051759 0.996472 0.066061 100.521889 0.089760 -0.061240 0.994079 0.716136 0.000000 0.000000 0.000000 1.000000
0.994666 0.057182 -0.085853 -0.356219 -0.051569 0.996471 0.066230 100.521324 0.089337 -0.061450 0.994104 0.715943 0.000000 0.000000 0.000000 1.000000
0.994704 0.057018 -0.085516 -0.377979 -0.051420 0.996475 0.066289 100.520317 0.088994 -0.061541 0.994129 0.715864 0.000000 0.000000 0.000000 1.000000
0.994732 0.056863 -0.085289 -0.397679 -0.051284 0.996486 0.066230 100.519279 0.088756 -0.061507 0.994153 0.716926 0.000000 0.000000 0.000000 1.000000
0.994743 0.056696 -0.085280 -0.415459 -0.051125 0.996499 0.066152 100.518791 0.088732 -0.061444 0.994159 0.720223 0.000000 0.000000 0.000000 1.000000
0.994731 0.056533 -0.085529 -0.431691 -0.050947 0.996509 0.066138 100.519341 0.088969 -0.061432 0.994138 0.726341 0.000000 0.000000 0.000000 1.000000
0.994705 0.056376 -0.085933 -0.445505 -0.050760 0.996515 0.066195 100.520927 0.089365 -0.061482 0.994100 0.734947 0.000000 0.000000 0.000000 1.000000
0.994679 0.056213 -0.086341 -0.456540 -0.050563 0.996518 0.066294 100.522820 0.089767 -0.061576 0.994058 0.744763 0.000000 0.000000 0.000000 1.000000
0.994657 0.056043 -0.086700 -0.465777 -0.050359 0.996520 0.066416 100.524483 0.090121 -0.061695 0.994018 0.754577 0.000000 0.000000 0.000000 1.000000
0.994635 0.055879 -0.087056 -0.473904 -0.050158 0.996520 0.066573 100.525688 0.090473 -0.061849 0.993977 0.764454 0.000000 0.000000 0.000000 1.000000
0.994608 0.055744 -0.087448 -0.480252 -0.049979 0.996515 0.066780 100.526283 0.090866 -0.062049 0.993928 0.774810 0.000000 0.000000 0.000000 1.000000
0.994573 0.055649 -0.087902 -0.484839 -0.049834 0.996506 0.067019 100.526497 0.091325 -0.062274 0.993872 0.785135 0.000000 0.000000 0.000000 1.000000
0.994531 0.055587 -0.088422 -0.488684 -0.049715 0.996495 0.067273 100.526413 0.091852 -0.062509 0.993809 0.794877 0.000000 0.000000 0.000000 1.000000
0.994488 0.055546 -0.088933 -0.492628 -0.049618 0.996482 0.067542 100.525597 0.092372 -0.062757 0.993745 0.804143 0.000000 0.000000 0.000000 1.000000
0.994452 0.055549 -0.089333 -0.496738 -0.049569 0.996466 0.067819 100.524239 0.092785 -0.063014 0.993690 0.813417 0.000000 0.000000 0.000000 1.000000
0.994420 0.055606 -0.089649 -0.500123 -0.049579 0.996445 0.068111 100.523148 0.093117 -0.063286 0.993642 0.822601 0.000000 0.000000 0.000000 1.000000
0.994384 0.055688 -0.089996 -0.501334 -0.049608 0.996421 0.068436 100.522659 0.093485 -0.063587 0.993588 0.830448 0.000000 0.000000 0.000000 1.000000
0.994349 0.055783 -0.090328 -0.500301 -0.049646 0.996394 0.068813 100.522766 0.093840 -0.063940 0.993532 0.836968 0.000000 0.000000 0.000000 1.000000
0.994329 0.055911 -0.090460 -0.498413 -0.049725 0.996359 0.069252 100.523087 0.094003 -0.064361 0.993489 0.844089 0.000000 0.000000 0.000000 1.000000
0.994330 0.056074 -0.090350 -0.496708 -0.049850 0.996319 0.069735 100.522713 0.093928 -0.064835 0.993466 0.852175 0.000000 0.000000 0.000000 1.000000
0.994341 0.056243 -0.090131 -0.494713 -0.049988 0.996278 0.070221 100.521027 0.093745 -0.065318 0.993451 0.859084 0.000000 0.000000 0.000000 1.000000
0.994353 0.056393 -0.089899 -0.492134 -0.050109 0.996239 0.070687 100.518791 0.093547 -0.065784 0.993439 0.863555 0.000000 0.000000 0.000000 1.000000
0.994374 0.056523 -0.089585 -0.490063 -0.050217 0.996201 0.071149 100.516434 0.093267 -0.066250 0.993435 0.866884 0.000000 0.000000 0.000000 1.000000
0.994415 0.056644 -0.089056 -0.490136 -0.050327 0.996160 0.071645 100.513298 0.092773 -0.066763 0.993447 0.871186 0.000000 0.000000 0.000000 1.000000
0.994476 0.056745 -0.088309 -0.492126 -0.050427 0.996114 0.072210 100.508873 0.092063 -0.067358 0.993472 0.876691 0.000000 0.000000 0.000000 1.000000
0.994546 0.056807 -0.087474 -0.494374 -0.050486 0.996064 0.072851 100.503464 0.091268 -0.068037 0.993499 0.881574 0.000000 0.000000 0.000000 1.000000
0.994619 0.056831 -0.086621 -0.497115 -0.050507 0.996014 0.073522 100.497581 0.090454 -0.068751 0.993525 0.884761 0.000000 0.000000 0.000000 1.000000
0.994697 0.056835 -0.085714 -0.502433 -0.050518 0.995967 0.074152 100.491577 0.089583 -0.069429 0.993557 0.887216 0.000000 0.000000 0.000000 1.000000
0.994782 0.056825 -0.084738 -0.511473 -0.050526 0.995925 0.074709 100.485382 0.088638 -0.070038 0.993598 0.890127 0.000000 0.000000 0.000000 1.000000
0.994873 0.056781 -0.083690 -0.524635 -0.050515 0.995890 0.075179 100.479248 0.087615 -0.070566 0.993652 0.894515 0.000000 0.000000 0.000000 1.000000
0.994972 0.056688 -0.082568 -0.541456 -0.050472 0.995866 0.075522 100.474609 0.086508 -0.070975 0.993720 0.901521 0.000000 0.000000 0.000000 1.000000
0.995070 0.056565 -0.081464 -0.559860 -0.050412 0.995855 0.075711 100.472984 0.085409 -0.071231 0.993797 0.911093 0.000000 0.000000 0.000000 1.000000
0.995152 0.056458 -0.080530 -0.578606 -0.050364 0.995850 0.075798 100.473228 0.084476 -0.071374 0.993866 0.922387 0.000000 0.000000 0.000000 1.000000
0.995209 0.056372 -0.079881 -0.597276 -0.050317 0.995846 0.075888 100.473587 0.083828 -0.071505 0.993911 0.935410 0.000000 0.000000 0.000000 1.000000
0.995246 0.056254 -0.079509 -0.615348 -0.050212 0.995839 0.076053 100.473595 0.083456 -0.071699 0.993929 0.950398 0.000000 0.000000 0.000000 1.000000
0.995273 0.056068 -0.079300 -0.633403 -0.050022 0.995831 0.076284 100.473297 0.083246 -0.071956 0.993928 0.966945 0.000000 0.000000 0.000000 1.000000
0.995299 0.055849 -0.079129 -0.653653 -0.049794 0.995822 0.076540 100.472717 0.083073 -0.072240 0.993922 0.984802 0.000000 0.000000 0.000000 1.000000
0.995326 0.055667 -0.078908 -0.677635 -0.049607 0.995813 0.076782 100.472298 0.082852 -0.072509 0.993921 1.004049 0.000000 0.000000 0.000000 1.000000
0.995355 0.055527 -0.078642 -0.703636 -0.049469 0.995804 0.076986 100.471909 0.082587 -0.072738 0.993926 1.024150 0.000000 0.000000 0.000000 1.000000
0.995380 0.055368 -0.078441 -0.727755 -0.049311 0.995799 0.077158 100.471725 0.082383 -0.072933 0.993928 1.044109 0.000000 0.000000 0.000000 1.000000
0.995395 0.055162 -0.078402 -0.747930 -0.049094 0.995797 0.077324 100.472504 0.082338 -0.073119 0.993919 1.064009 0.000000 0.000000 0.000000 1.000000
0.995397 0.054943 -0.078528 -0.765444 -0.048853 0.995796 0.077480 100.475037 0.082455 -0.073287 0.993896 1.084839 0.000000 0.000000 0.000000 1.000000
0.995389 0.054746 -0.078765 -0.781911 -0.048628 0.995798 0.077602 100.478554 0.082683 -0.073414 0.993868 1.106033 0.000000 0.000000 0.000000 1.000000
0.995374 0.054549 -0.079085 -0.795986 -0.048395 0.995798 0.077741 100.481094 0.082994 -0.073554 0.993832 1.124138 0.000000 0.000000 0.000000 1.000000
0.995356 0.054329 -0.079464 -0.805716 -0.048126 0.995792 0.077994 100.481827 0.083366 -0.073807 0.993782 1.135954 0.000000 0.000000 0.000000 1.000000
0.995340 0.054125 -0.079803 -0.811858 -0.047865 0.995774 0.078373 100.482178 0.083708 -0.074188 0.993725 1.141819 0.000000 0.000000 0.000000 1.000000
0.995329 0.053970 -0.080046 -0.815520 -0.047660 0.995754 0.078751 100.484520 0.083957 -0.074568 0.993675 1.143547 0.000000 0.000000 0.000000 1.000000
0.995321 0.053811 -0.080253 -0.815399 -0.047469 0.995748 0.078941 100.489349 0.084160 -0.074762 0.993644 1.141903 0.000000 0.000000 0.000000 1.000000
0.995314 0.053586 -0.080486 -0.809697 -0.047234 0.995766 0.078859 100.494789 0.084371 -0.074688 0.993631 1.136801 0.000000 0.000000 0.000000 1.000000
0.995309 0.053301 -0.080740 -0.798949 -0.046953 0.995802 0.078576 100.498558 0.084589 -0.074417 0.993633 1.127261 0.000000 0.000000 0.000000 1.000000
0.995305 0.053005 -0.080982 -0.785834 -0.046670 0.995844 0.078208 100.500420 0.084791 -0.074061 0.993642 1.112628 0.000000 0.000000 0.000000 1.000000
0.995303 0.052736 -0.081181 -0.772685 -0.046421 0.995887 0.077812 100.501823 0.084951 -0.073679 0.993657 1.094470 0.000000 0.000000 0.000000 1.000000
0.995303 0.052503 -0.081341 -0.759948 -0.046208 0.995927 0.077421 100.503983 0.085075 -0.073299 0.993675 1.074830 0.000000 0.000000 0.000000 1.000000
0.995299 0.052294 -0.081514 -0.746706 -0.046016 0.995962 0.077084 100.506607 0.085216 -0.072970 0.993687 1.054513 0.000000 0.000000 0.000000 1.000000
0.995292 0.052100 -0.081726 -0.732036 -0.045829 0.995992 0.076814 100.509430 0.085400 -0.072707 0.993690 1.034471 0.000000 0.000000 0.000000 1.000000
0.995283 0.051916 -0.081959 -0.715742 -0.045650 0.996020 0.076555 100.512955 0.085607 -0.072453 0.993691 1.016094 0.000000 0.000000 0.000000 1.000000
0.995270 0.051764 -0.082206 -0.698673 -0.045506 0.996050 0.076249 100.517387 0.085829 -0.072148 0.993694 0.999346 0.000000 0.000000 0.000000 1.000000
0.995251 0.051678 -0.082491 -0.682307 -0.045431 0.996080 0.075893 100.521553 0.086089 -0.071785 0.993698 0.982436 0.000000 0.000000 0.000000 1.000000
0.995225 0.051638 -0.082825 -0.667385 -0.045402 0.996113 0.075487 100.524567 0.086401 -0.071366 0.993701 0.964759 0.000000 0.000000 0.000000 1.000000
0.995198 0.051573 -0.083192 -0.652818 -0.045354 0.996152 0.074994 100.527786 0.086740 -0.070861 0.993708 0.948394 0.000000 0.000000 0.000000 1.000000
0.995172 0.051479 -0.083565 -0.636677 -0.045285 0.996200 0.074394 100.532761 0.087077 -0.070250 0.993722 0.934775 0.000000 0.000000 0.000000 1.000000
0.995144 0.051431 -0.083928 -0.618833 -0.045269 0.996250 0.073740 100.538383 0.087406 -0.069583 0.993740 0.922591 0.000000 0.000000 0.000000 1.000000
0.995113 0.051457 -0.084270 -0.600658 -0.045326 0.996293 0.073117 100.543655 0.087720 -0.068940 0.993757 0.911700 0.000000 0.000000 0.000000 1.000000
0.995084 0.051469 -0.084611 -0.582300 -0.045361 0.996329 0.072598 100.549858 0.088037 -0.068403 0.993766 0.905620 0.000000 0.000000 0.000000 1.000000
0.995054 0.051376 -0.085017 -0.562545 -0.045271 0.996359 0.072242 100.557915 0.088419 -0.068035 0.993757 0.906377 0.000000 0.000000 0.000000 1.000000
0.995020 0.051206 -0.085516 -0.541641 -0.045081 0.996380 0.072080 100.565811 0.088898 -0.067866 0.993726 0.910731 0.000000 0.000000 0.000000 1.000000
0.994982 0.051076 -0.086031 -0.521888 -0.044913 0.996385 0.072112 100.571434 0.089403 -0.067886 0.993679 0.914313 0.000000 0.000000 0.000000 1.000000
0.994950 0.051044 -0.086419 -0.505524 -0.044838 0.996375 0.072292 100.574905 0.089795 -0.068052 0.993633 0.916496 0.000000 0.000000 0.000000 1.000000
0.994932 0.051060 -0.086621 -0.492423 -0.044818 0.996358 0.072534 100.577522 0.090009 -0.068284 0.993597 0.919652 0.000000 0.000000 0.000000 1.000000
0.994924 0.051048 -0.086715 -0.480558 -0.044778 0.996343 0.072776 100.580116 0.090113 -0.068524 0.993571 0.925062 0.000000 0.000000 0.000000 1.000000
0.994917 0.050996 -0.086827 -0.468417 -0.044696 0.996329 0.073017 100.582916 0.090232 -0.068765 0.993544 0.931801 0.000000 0.000000 0.000000 1.000000
0.994903 0.050952 -0.087016 -0.456327 -0.044617 0.996315 0.073256 100.586288 0.090428 -0.069000 0.993510 0.938529 0.000000 0.000000 0.000000 1.000000
0.994884 0.050958 -0.087232 -0.445714 -0.044591 0.996302 0.073444 100.589668 0.090652 -0.069178 0.993477 0.943889 0.000000 0.000000 0.000000 1.000000
0.994867 0.051008 -0.087394 -0.437378 -0.044622 0.996294 0.073531 100.591537 0.090821 -0.069254 0.993456 0.946476 0.000000 0.000000 0.000000 1.000000
0.994856 0.051065 -0.087488 -0.430339 -0.044675 0.996293 0.073512 100.592209 0.090917 -0.069225 0.993450 0.946261 0.000000 0.000000 0.000000 1.000000
0.994848 0.051117 -0.087551 -0.423377 -0.044730 0.996297 0.073423 100.593689 0.090980 -0.069129 0.993450 0.944808 0.000000 0.000000 0.000000 1.000000
0.994840 0.051183 -0.087594 -0.416935 -0.044803 0.996302 0.073315 100.596222 0.091023 -0.069013 0.993455 0.943256 0.000000 0.000000 0.000000 1.000000
0.994837 0.051276 -0.087583 -0.411971 -0.044906 0.996305 0.073215 100.598923 0.091013 -0.068904 0.993463 0.941991 0.000000 0.000000 0.000000 1.000000
0.994836 0.051379 -0.087535 -0.408530 -0.045023 0.996308 0.073102 100.601669 0.090968 -0.068784 0.993476 0.941756 0.000000 0.000000 0.000000 1.000000
0.994831 0.051476 -0.087529 -0.405954 -0.045135 0.996315 0.072936 100.604248 0.090961 -0.068608 0.993488 0.942835 0.000000 0.000000 0.000000 1.000000
0.994820 0.051583 -0.087597 -0.404143 -0.045258 0.996325 0.072720 100.605103 0.091026 -0.068379 0.993498 0.944196 0.000000 0.000000 0.000000 1.000000
0.994805 0.051735 -0.087675 -0.403646 -0.045424 0.996332 0.072519 100.602928 0.091105 -0.068160 0.993506 0.944484 0.000000 0.000000 0.000000 1.000000
0.994794 0.051929 -0.087678 -0.405420 -0.045630 0.996333 0.072379 100.598686 0.091116 -0.068001 0.993516 0.943658 0.000000 0.000000 0.000000 1.000000
0.994792 0.052135 -0.087585 -0.410167 -0.045851 0.996329 0.072287 100.594391 0.091032 -0.067895 0.993531 0.942868 0.000000 0.000000 0.000000 1.000000
0.994794 0.052337 -0.087440 -0.417035 -0.046067 0.996323 0.072239 100.591003 0.090899 -0.067835 0.993547 0.943533 0.000000 0.000000 0.000000 1.000000
0.994795 0.052526 -0.087312 -0.424142 -0.046267 0.996315 0.072226 100.588234 0.090784 -0.067811 0.993559 0.946188 0.000000 0.000000 0.000000 1.000000
0.994791 0.052700 -0.087254 -0.430967 -0.046449 0.996309 0.072192 100.585548 0.090737 -0.067763 0.993567 0.950583 0.000000 0.000000 0.000000 1.000000
0.994780 0.052852 -0.087284 -0.439079 -0.046608 0.996309 0.072085 100.582031 0.090771 -0.067640 0.993572 0.955854 0.000000 0.000000 0.000000 1.000000
0.994764 0.052988 -0.087391 -0.449719 -0.046756 0.996317 0.071883 100.576920 0.090878 -0.067420 0.993577 0.960257 0.000000 0.000000 0.000000 1.000000
0.994741 0.053143 -0.087556 -0.462157 -0.046928 0.996331 0.071575 100.571594 0.091038 -0.067090 0.993585 0.962958 0.000000 0.000000 0.000000 1.000000
0.994711 0.053340 -0.087775 -0.474289 -0.047145 0.996348 0.071192 100.568901 0.091252 -0.066678 0.993593 0.965607 0.000000 0.000000 0.000000 1.000000
0.994672 0.053562 -0.088079 -0.485249 -0.047385 0.996365 0.070791 100.569557 0.091551 -0.066241 0.993595 0.970648 0.000000 0.000000 0.000000 1.000000
0.994626 0.053760 -0.088483 -0.495797 -0.047594 0.996384 0.070388 100.570770 0.091947 -0.065799 0.993588 0.978441 0.000000 0.000000 0.000000 1.000000
0.994577 0.053894 -0.088947 -0.505742 -0.047735 0.996406 0.069976 100.569786 0.092399 -0.065351 0.993575 0.987169 0.000000 0.000000 0.000000 1.000000
0.994531 0.053982 -0.089407 -0.514363 -0.047827 0.996428 0.069602 100.567108 0.092845 -0.064946 0.993560 0.995751 0.000000 0.000000 0.000000 1.000000
0.994492 0.054053 -0.089801 -0.522403 -0.047900 0.996444 0.069320 100.564735 0.093229 -0.064637 0.993544 1.004902 0.000000 0.000000 0.000000 1.000000
0.994461 0.054108 -0.090111 -0.530481 -0.047956 0.996457 0.069093 100.563400 0.093530 -0.064389 0.993532 1.015342 0.000000 0.000000 0.000000 1.000000
0.994435 0.054125 -0.090390 -0.538023 -0.047979 0.996474 0.068828 100.563072 0.093796 -0.064108 0.993525 1.026952 0.000000 0.000000 0.000000 1.000000
0.994407 0.054082 -0.090722 -0.544477 -0.047948 0.996499 0.068488 100.563507 0.094108 -0.063755 0.993518 1.039592 0.000000 0.000000 0.000000 1.000000
0.994373 0.053991 -0.091143 -0.549855 -0.047865 0.996529 0.068111 100.564377 0.094504 -0.063366 0.993506 1.052939 0.000000 0.000000 0.000000 1.000000
0.994337 0.053885 -0.091596 -0.554453 -0.047765 0.996559 0.067737 100.565170 0.094931 -0.062979 0.993490 1.065715 0.000000 0.000000 0.000000 1.000000
0.994306 0.053801 -0.091981 -0.558827 -0.047693 0.996588 0.067357 100.565895 0.095291 -0.062587 0.993480 1.076471 0.000000 0.000000 0.000000 1.000000
0.994284 0.053752 -0.092247 -0.563813 -0.047667 0.996618 0.066942 100.566521 0.095534 -0.062162 0.993483 1.085225 0.000000 0.000000 0.000000 1.000000
0.994269 0.053709 -0.092439 -0.569454 -0.047657 0.996649 0.066486 100.566132 0.095700 -0.061700 0.993496 1.093658 0.000000 0.000000 0.000000 1.000000
0.994254 0.053638 -0.092643 -0.574068 -0.047613 0.996679 0.066059 100.565369 0.095879 -0.061268 0.993506 1.103741 0.000000 0.000000 0.000000 1.000000
0.994235 0.053540 -0.092904 -0.575892 -0.047530 0.996704 0.065741 100.566444 0.096118 -0.060946 0.993502 1.115999 0.000000 0.000000 0.000000 1.000000
0.994211 0.053457 -0.093199 -0.575334 -0.047447 0.996721 0.065543 100.569580 0.096397 -0.060741 0.993488 1.128818 0.000000 0.000000 0.000000 1.000000
0.994186 0.053410 -0.093497 -0.574226 -0.047393 0.996731 0.065437 100.571999 0.096686 -0.060625 0.993467 1.140395 0.000000 0.000000 0.000000 1.000000
0.994162 0.053376 -0.093768 -0.573380 -0.047342 0.996733 0.065442 100.572121 0.096954 -0.060621 0.993441 1.151090 0.000000 0.000000 0.000000 1.000000
0.994146 0.053329 -0.093963 -0.572814 -0.047268 0.996726 0.065590 100.570557 0.097154 -0.060765 0.993413 1.161735 0.000000 0.000000 0.000000 1.000000
0.994139 0.053294 -0.094060 -0.572864 -0.047201 0.996712 0.065852 100.568420 0.097260 -0.061026 0.993386 1.171670 0.000000 0.000000 0.000000 1.000000
0.994133 0.053316 -0.094107 -0.573485 -0.047189 0.996692 0.066170 100.566956 0.097324 -0.061341 0.993361 1.180683 0.000000 0.000000 0.000000 1.000000
0.994123 0.053418 -0.094161 -0.574514 -0.047254 0.996666 0.066520 100.567360 0.097400 -0.061679 0.993332 1.189831 0.000000 0.000000 0.000000 1.000000
0.994109 0.053595 -0.094204 -0.576658 -0.047395 0.996635 0.066872 100.568314 0.097471 -0.062013 0.993304 1.198984 0.000000 0.000000 0.000000 1.000000
0.994100 0.053825 -0.094175 -0.580606 -0.047593 0.996603 0.067215 100.566956 0.097473 -0.062336 0.993284 1.206419 0.000000 0.000000 0.000000 1.000000
0.994094 0.054088 -0.094083 -0.584862 -0.047824 0.996565 0.067607 100.562531 0.097417 -0.062708 0.993266 1.209977 0.000000 0.000000 0.000000 1.000000
0.994083 0.054363 -0.094036 -0.586280 -0.048057 0.996522 0.068076 100.556732 0.097410 -0.063154 0.993239 1.207861 0.000000 0.000000 0.000000 1.000000
0.994070 0.054619 -0.094028 -0.584123 -0.048270 0.996481 0.068525 100.550697 0.097440 -0.063580 0.993208 1.200160 0.000000 0.000000 0.000000 1.000000
0.994074 0.054848 -0.093855 -0.582702 -0.048477 0.996448 0.068863 100.543533 0.097298 -0.063905 0.993202 1.190601 0.000000 0.000000 0.000000 1.000000
0.994101 0.055072 -0.093434 -0.585312 -0.048700 0.996416 0.069156 100.535660 0.096908 -0.064198 0.993221 1.184252 0.000000 0.000000 0.000000 1.000000
0.994132 0.055281 -0.092984 -0.589204 -0.048903 0.996381 0.069528 100.529045 0.096491 -0.064572 0.993237 1.183188 0.000000 0.000000 0.000000 1.000000
0.994149 0.055449 -0.092700 -0.590693 -0.049041 0.996338 0.070041 100.524223 0.096244 -0.065086 0.993228 1.186650 0.000000 0.000000 0.000000 1.000000
0.994155 0.055589 -0.092550 -0.589721 -0.049123 0.996285 0.070735 100.519447 0.096138 -0.065775 0.993192 1.192684 0.000000 0.000000 0.000000 1.000000
0.994162 0.055736 -0.092384 -0.588720 -0.049198 0.996219 0.071598 100.512863 0.096025 -0.066635 0.993146 1.199240 0.000000 0.000000 0.000000 1.000000
0.994181 0.055895 -0.092092 -0.590031 -0.049284 0.996146 0.072554 100.504074 0.095792 -0.067593 0.993104 1.204720 0.000000 0.000000 0.000000 1.000000
0.994211 0.056058 -0.091657 -0.594988 -0.049384 0.996069 0.073533 100.493408 0.095419 -0.068581 0.993072 1.207876 0.000000 0.000000 0.000000 1.000000
0.994250 0.056257 -0.091118 -0.603872 -0.049528 0.995990 0.074501 100.482506 0.094944 -0.069560 0.993049 1.208675 0.000000 0.000000 0.000000 1.000000
0.994291 0.056483 -0.090525 -0.616185 -0.049714 0.995916 0.075361 100.474098 0.094412 -0.070431 0.993039 1.209312 0.000000 0.000000 0.000000 1.000000
0.994339 0.056653 -0.089893 -0.630885 -0.049872 0.995862 0.075971 100.469803 0.093825 -0.071058 0.993050 1.211900 0.000000 0.000000 0.000000 1.000000
0.994395 0.056701 -0.089244 -0.646427 -0.049935 0.995833 0.076310 100.468529 0.093199 -0.071426 0.993082 1.214643 0.000000 0.000000 0.000000 1.000000
0.994449 0.056646 -0.088665 -0.660680 -0.049906 0.995822 0.076472 100.468178 0.092626 -0.071623 0.993122 1.212878 0.000000 0.000000 0.000000 1.000000
0.994494 0.056556 -0.088219 -0.672558 -0.049844 0.995822 0.076514 100.467415 0.092177 -0.071695 0.993158 1.204491 0.000000 0.000000 0.000000 1.000000
0.994534 0.056501 -0.087809 -0.683985 -0.049824 0.995828 0.076450 100.465714 0.091762 -0.071657 0.993199 1.192635 0.000000 0.000000 0.000000 1.000000
0.994574 0.056480 -0.087363 -0.696623 -0.049847 0.995837 0.076319 100.463318 0.091310 -0.071550 0.993249 1.181467 0.000000 0.000000 0.000000 1.000000
0.994607 0.056408 -0.087040 -0.707459 -0.049813 0.995850 0.076174 100.462059 0.090975 -0.071427 0.993288 1.171326 0.000000 0.000000 0.000000 1.000000
0.994622 0.056237 -0.086972 -0.713443 -0.049658 0.995867 0.076046 100.463310 0.090889 -0.071318 0.993304 1.160974 0.000000 0.000000 0.000000 1.000000
0.994627 0.056011 -0.087067 -0.715522 -0.049436 0.995887 0.075923 100.466110 0.090962 -0.071211 0.993305 1.149478 0.000000 0.000000 0.000000 1.000000
0.994630 0.055799 -0.087163 -0.716279 -0.049232 0.995910 0.075762 100.468353 0.091034 -0.071064 0.993309 1.135912 0.000000 0.000000 0.000000 1.000000
0.994635 0.055634 -0.087218 -0.716606 -0.049082 0.995934 0.075546 100.469055 0.091066 -0.070859 0.993321 1.120523 0.000000 0.000000 0.000000 1.000000
0.994633 0.055523 -0.087302 -0.715596 -0.048985 0.995955 0.075324 100.468918 0.091131 -0.070644 0.993330 1.104970 0.000000 0.000000 0.000000 1.000000
0.994624 0.055446 -0.087460 -0.712690 -0.048911 0.995970 0.075172 100.469246 0.091276 -0.070490 0.993328 1.090181 0.000000 0.000000 0.000000 1.000000
0.994611 0.055374 -0.087651 -0.708599 -0.048833 0.995981 0.075081 100.470505 0.091456 -0.070396 0.993318 1.075672 0.000000 0.000000 0.000000 1.000000
0.994600 0.055302 -0.087816 -0.704208 -0.048760 0.995993 0.074969 100.472412 0.091610 -0.070282 0.993312 1.061028 0.000000 0.000000 0.000000 1.000000
0.994591 0.055251 -0.087960 -0.699188 -0.048715 0.996008 0.074802 100.473816 0.091741 -0.070112 0.993312 1.045877 0.000000 0.000000 0.000000 1.000000
0.994577 0.055249 -0.088119 -0.691625 -0.048714 0.996019 0.074658 100.473587 0.091893 -0.069960 0.993308 1.028346 0.000000 0.000000 0.000000 1.000000
0.994562 0.055311 -0.088245 -0.680399 -0.048772 0.996020 0.074605 100.471619 0.092020 -0.069895 0.993301 1.005935 0.000000 0.000000 0.000000 1.000000
0.994558 0.055436 -0.088212 -0.667187 -0.048904 0.996017 0.074560 100.469437 0.091994 -0.069841 0.993307 0.978091 0.000000 0.000000 0.000000 1.000000
0.994569 0.055600 -0.087979 -0.654788 -0.049100 0.996019 0.074397 100.468254 0.091765 -0.069673 0.993340 0.945705 0.000000 0.000000 0.000000 1.000000
0.994585 0.055809 -0.087675 -0.642824 -0.049356 0.996027 0.074121 100.467697 0.091464 -0.069393 0.993388 0.909597 0.000000 0.000000 0.000000 1.000000
0.994584 0.056079 -0.087510 -0.627863 -0.049664 0.996033 0.073843 100.467758 0.091304 -0.069097 0.993423 0.871250 0.000000 0.000000 0.000000 1.000000
0.994558 0.056358 -0.087624 -0.606188 -0.049956 0.996035 0.073612 100.469765 0.091426 -0.068834 0.993430 0.832570 0.000000 0.000000 0.000000 1.000000
0.994511 0.056549 -0.088030 -0.577566 -0.050140 0.996042 0.073392 100.474052 0.091832 -0.068575 0.993410 0.793890 0.000000 0.000000 0.000000 1.000000
0.994457 0.056639 -0.088590 -0.546280 -0.050212 0.996055 0.073165 100.478851 0.092384 -0.068312 0.993377 0.754913 0.000000 0.000000 0.000000 1.000000
0.994408 0.056714 -0.089088 -0.517210 -0.050269 0.996065 0.072991 100.482063 0.092877 -0.068104 0.993346 0.716810 0.000000 0.000000 0.000000 1.000000
0.994371 0.056855 -0.089414 -0.491618 -0.050399 0.996067 0.072880 100.483047 0.093206 -0.067963 0.993325 0.680625 0.000000 0.000000 0.000000 1.000000
0.994341 0.057051 -0.089617 -0.467831 -0.050594 0.996067 0.072740 100.482513 0.093415 -0.067794 0.993316 0.645369 0.000000 0.000000 0.000000 1.000000
0.994315 0.057255 -0.089776 -0.445123 -0.050813 0.996075 0.072472 100.481735 0.093573 -0.067498 0.993322 0.610369 0.000000 0.000000 0.000000 1.000000
0.994290 0.057440 -0.089930 -0.423521 -0.051026 0.996094 0.072069 100.482224 0.093718 -0.067069 0.993337 0.576642 0.000000 0.000000 0.000000 1.000000
0.994263 0.057598 -0.090126 -0.402486 -0.051214 0.996117 0.071611 100.484848 0.093900 -0.066584 0.993353 0.545240 0.000000 0.000000 0.000000 1.000000
0.994230 0.057731 -0.090406 -0.381354 -0.051368 0.996139 0.071199 100.488731 0.094167 -0.066144 0.993357 0.515616 0.000000 0.000000 0.000000 1.000000
0.994190 0.057850 -0.090777 -0.359760 -0.051492 0.996154 0.070889 100.492409 0.094529 -0.065803 0.993345 0.485909 0.000000 0.000000 0.000000 1.000000
0.994143 0.057982 -0.091205 -0.337770 -0.051621 0.996166 0.070629 100.495575 0.094951 -0.065508 0.993324 0.454639 0.000000 0.000000 0.000000 1.000000
0.994092 0.058147 -0.091651 -0.315648 -0.051789 0.996181 0.070293 100.499054 0.095388 -0.065131 0.993307 0.422337 0.000000 0.000000 0.000000 1.000000
0.994040 0.058318 -0.092102 -0.293111 -0.051979 0.996207 0.069791 100.503021 0.095823 -0.064588 0.993301 0.390912 0.000000 0.000000 0.000000 1.000000
0.993990 0.058433 -0.092574 -0.269123 -0.052124 0.996243 0.069156 100.508041 0.096267 -0.063915 0.993301 0.361688 0.000000 0.000000 0.000000 1.000000
0.993943 0.058465 -0.093060 -0.242948 -0.052191 0.996286 0.068479 100.514969 0.096718 -0.063208 0.993303 0.335101 0.000000 0.000000 0.000000 1.000000
0.993900 0.058461 -0.093518 -0.214922 -0.052220 0.996328 0.067845 100.523750 0.097141 -0.062548 0.993303 0.311349 0.000000 0.000000 0.000000 1.000000
0.993862 0.058472 -0.093912 -0.186328 -0.052259 0.996362 0.067316 100.532608 0.097507 -0.061995 0.993302 0.289637 0.000000 0.000000 0.000000 1.000000
0.993828 0.058516 -0.094242 -0.158019 -0.052318 0.996384 0.066945 100.539589 0.097818 -0.061601 0.993296 0.268109 0.000000 0.000000 0.000000 1.000000
0.993798 0.058579 -0.094515 -0.129997 -0.052385 0.996394 0.066738 100.543854 0.098084 -0.061373 0.993284 0.245710 0.000000 0.000000 0.000000 1.000000
0.993774 0.058662 -0.094719 -0.102277 -0.052463 0.996395 0.066661 100.546005 0.098288 -0.061277 0.993270 0.223210 0.000000 0.000000 0.000000 1.000000
0.993758 0.058776 -0.094823 -0.075579 -0.052567 0.996388 0.066698 100.546883 0.098400 -0.061297 0.993257 0.202147 0.000000 0.000000 0.000000 1.000000
0.993750 0.058914 -0.094817 -0.051254 -0.052691 0.996371 0.066850 100.547318 0.098411 -0.061437 0.993248 0.184039 0.000000 0.000000 0.000000 1.000000
0.993751 0.059057 -0.094717 -0.029993 -0.052815 0.996347 0.067106 100.547890 0.098334 -0.061684 0.993240 0.170000 0.000000 0.000000 0.000000 1.000000
0.993762 0.059214 -0.094508 -0.010704 -0.052955 0.996318 0.067421 100.548622 0.098152 -0.061996 0.993238 0.159391 0.000000 0.000000 0.000000 1.000000
0.993783 0.059404 -0.094165 0.008759 -0.053134 0.996286 0.067751 100.549576 0.097840 -0.062326 0.993249 0.150021 0.000000 0.000000 0.000000 1.000000
0.993810 0.059602 -0.093751 0.029218 -0.053326 0.996254 0.068081 100.551132 0.097458 -0.062661 0.993265 0.140687 0.000000 0.000000 0.000000 1.000000
0.993832 0.059757 -0.093424 0.049936 -0.053466 0.996221 0.068442 100.552940 0.097161 -0.063025 0.993271 0.131612 0.000000 0.000000 0.000000 1.000000
0.993838 0.059855 -0.093293 0.070639 -0.053533 0.996189 0.068858 100.553574 0.097059 -0.063439 0.993255 0.122528 0.000000 0.000000 0.000000 1.000000
0.993834 0.059912 -0.093303 0.091918 -0.053543 0.996155 0.069338 100.552078 0.097099 -0.063914 0.993220 0.112700 0.000000 0.000000 0.000000 1.000000
0.993835 0.059932 -0.093278 0.113696 -0.053511 0.996120 0.069873 100.549240 0.097103 -0.064451 0.993185 0.102037 0.000000 0.000000 0.000000 1.000000
0.993854 0.059936 -0.093069 0.134581 -0.053478 0.996085 0.070395 100.545883 0.096924 -0.064985 0.993168 0.090981 0.000000 0.000000 0.000000 1.000000
0.993888 0.059985 -0.092674 0.152579 -0.053510 0.996051 0.070844 100.542557 0.096558 -0.065452 0.993173 0.079997 0.000000 0.000000 0.000000 1.000000
0.993922 0.060112 -0.092222 0.167265 -0.053632 0.996019 0.071205 100.540230 0.096135 -0.065826 0.993189 0.069360 0.000000 0.000000 0.000000 1.000000
0.993951 0.060261 -0.091820 0.179677 -0.053788 0.995995 0.071420 100.539207 0.095756 -0.066049 0.993211 0.059350 0.000000 0.000000 0.000000 1.000000
0.993976 0.060362 -0.091475 0.190394 -0.053913 0.995990 0.071400 100.538773 0.095418 -0.066038 0.993244 0.050118 0.000000 0.000000 0.000000 1.000000
0.994002 0.060430 -0.091153 0.198783 -0.054029 0.996003 0.071128 100.538345 0.095087 -0.065777 0.993294 0.040809 0.000000 0.000000 0.000000 1.000000
0.994024 0.060532 -0.090843 0.204362 -0.054197 0.996028 0.070653 100.537994 0.094758 -0.065307 0.993356 0.030293 0.000000 0.000000 0.000000 1.000000
0.994039 0.060688 -0.090573 0.207764 -0.054429 0.996058 0.070045 100.537582 0.094466 -0.064698 0.993424 0.019365 0.000000 0.000000 0.000000 1.000000
0.994049 0.060862 -0.090348 0.209641 -0.054681 0.996090 0.069384 100.536835 0.094218 -0.064030 0.993490 0.010869 0.000000 0.000000 0.000000 1.000000
0.994059 0.061025 -0.090126 0.209913 -0.054918 0.996121 0.068754 100.535583 0.093972 -0.063396 0.993554 0.006691 0.000000 0.000000 0.000000 1.000000
0.994071 0.061194 -0.089878 0.207595 -0.055153 0.996144 0.068234 100.534882 0.093707 -0.062872 0.993613 0.006451 0.000000 0.000000 0.000000 1.000000
0.994082 0.061387 -0.089630 0.201309 -0.055396 0.996156 0.067862 100.534744 0.093451 -0.062495 0.993661 0.009920 0.000000 0.000000 0.000000 1.000000
0.994088 0.061569 -0.089434 0.191460 -0.055614 0.996160 0.067617 100.534035 0.093254 -0.062243 0.993695 0.018497 0.000000 0.000000 0.000000 1.000000
0.994089 0.061681 -0.089348 0.180020 -0.055749 0.996165 0.067429 100.532501 0.093165 -0.062049 0.993715 0.033245 0.000000 0.000000 0.000000 1.000000
0.994082 0.061711 -0.089401 0.168287 -0.055796 0.996177 0.067216 100.531586 0.093207 -0.061830 0.993725 0.052965 0.000000 0.000000 0.000000 1.000000
