<?xml version="1.0" encoding="utf-8"?>
<COLLADA xmlns="http://www.collada.org/2005/11/COLLADASchema" version="1.4.1">
  <asset>
    <contributor>
      <author>Mixamo</author>
      <authoring_tool>COLLADA Mixamo exporter</authoring_tool>
      <comments/>
    </contributor>
    <created>2022-12-29T15:31:44Z</created>
    <modified>2022-12-29T15:31:44Z</modified>
    <revision/>
    <title/>
    <unit meter="0.010000"/>
    <up_axis>Y_UP</up_axis>
  </asset>
  <library_animations>
    <animation id="mixamorig_Hips-anim" name="mixamorig_Hips">
      <source id="mixamorig_Hips-Matrix-animation-input">
        <float_array id="mixamorig_Hips-Matrix-animation-input-array" count="181">

0.000000 0.033333 0.066667 0.100000 0.133333 0.166667 0.200000 0.233333 0.266667 0.300000 0.333333 0.366667 0.400000 0.433333 0.466667 0.500000
0.533333 0.566667 0.600000 0.633333 0.666667 0.700000 0.733333 0.766667 0.800000 0.833333 0.866667 0.900000 0.933333 0.966667 1.000000 1.033333
1.066667 1.100000 1.133333 1.166667 1.200000 1.233333 1.266667 1.300000 1.333333 1.366667 1.400000 1.433333 1.466667 1.500000 1.533333 1.566667
1.600000 1.633333 1.666667 1.700000 1.733333 1.766667 1.800000 1.833333 1.866667 1.900000 1.933333 1.966667 2.000000 2.033333 2.066667 2.100000
2.133333 2.166667 2.200000 2.233333 2.266667 2.300000 2.333333 2.366667 2.400000 2.433333 2.466667 2.500000 2.533333 2.566667 2.600000 2.633333
2.666667 2.700000 2.733333 2.766667 2.800000 2.833333 2.866667 2.900000 2.933333 2.966667 3.000000 3.033333 3.066667 3.100000 3.133333 3.166667
3.200000 3.233333 3.266667 3.300000 3.333333 3.366667 3.400000 3.433333 3.466667 3.500000 3.533333 3.566667 3.600000 3.633333 3.666667 3.700000
3.733333 3.766667 3.800000 3.833333 3.866667 3.900000 3.933333 3.966667 4.000000 4.033333 4.066667 4.100000 4.133333 4.166667 4.200000 4.233333
4.266667 4.300000 4.333333 4.366667 4.400000 4.433333 4.466667 4.500000 4.533333 4.566667 4.600000 4.633333 4.666667 4.700000 4.733333 4.766667
4.800000 4.833333 4.866667 4.900000 4.933333 4.966667 5.000000 5.033333 5.066667 5.100000 5.133333 5.166667 5.200000 5.233333 5.266667 5.300000
5.333333 5.366667 5.400000 5.433333 5.466667 5.500000 5.533333 5.566667 5.600000 5.633333 5.666667 5.700000 5.733333 5.766667 5.800000 5.833333
5.866667 5.900000 5.933333 5.966667 6.000000</float_array>
        <technique_common>
          <accessor source="#mixamorig_Hips-Matrix-animation-input-array" count="181">
            <param name="TIME" type="float"/>
          </accessor>
        </technique_common>
      </source>
      <source id="mixamorig_Hips-Matrix-animation-output-transform">
        <float_array id="mixamorig_Hips-Matrix-animation-output-transform-array" count="2896">

0.995539 0.047881 -0.081295 4.541065 -0.046929 0.998806 0.013574 100.379921 0.081848 -0.009699 0.996598 -0.003232 0.000000 0.000000 0.000000 1.000000
0.995509 0.047679 -0.081789 4.543924 -0.046730 0.998817 0.013478 100.379929 0.082335 -0.009595 0.996559 -0.006793 0.000000 0.000000 0.000000 1.000000
0.995479 0.047650 -0.082162 4.546032 -0.046701 0.998819 0.013440 100.379730 0.082705 -0.009542 0.996528 -0.007200 0.000000 0.000000 0.000000 1.000000
0.995466 0.047642 -0.082324 4.548671 -0.046692 0.998819 0.013434 100.379494 0.082867 -0.009529 0.996515 -0.007414 0.000000 0.000000 0.000000 1.000000
0.995462 0.047644 -0.082370 4.551933 -0.046697 0.998819 0.013392 100.379288 0.082911 -0.009485 0.996512 -0.007511 0.000000 0.000000 0.000000 1.000000
0.995460 0.047640 -0.082400 4.555926 -0.046702 0.998821 0.013279 100.379219 0.082936 -0.009370 0.996511 -0.007383 0.000000 0.000000 0.000000 1.000000
0.995458 0.047621 -0.082437 4.560670 -0.046692 0.998823 0.013150 100.379181 0.082967 -0.009241 0.996509 -0.006790 0.000000 0.000000 0.000000 1.000000
0.995456 0.047598 -0.082478 4.566195 -0.046673 0.998824 0.013102 100.379013 0.083005 -0.009193 0.996507 -0.005545 0.000000 0.000000 0.000000 1.000000
0.995449 0.047600 -0.082558 4.572607 -0.046671 0.998824 0.013148 100.378677 0.083087 -0.009235 0.996500 -0.003674 0.000000 0.000000 0.000000 1.000000
0.995435 0.047650 -0.082701 4.579888 -0.046716 0.998821 0.013195 100.378227 0.083232 -0.009271 0.996487 -0.001425 0.000000 0.000000 0.000000 1.000000
0.995422 0.047744 -0.082793 4.587778 -0.046808 0.998817 0.013207 100.377808 0.083326 -0.009271 0.996479 0.001050 0.000000 0.000000 0.000000 1.000000
0.995428 0.047917 -0.082624 4.595382 -0.046977 0.998808 0.013287 100.377228 0.083162 -0.009345 0.996492 0.008690 0.000000 0.000000 0.000000 1.000000
0.995453 0.048171 -0.082176 4.602597 -0.047219 0.998794 0.013487 100.376465 0.082726 -0.009545 0.996527 0.016288 0.000000 0.000000 0.000000 1.000000
0.995479 0.048437 -0.081707 4.610423 -0.047472 0.998778 0.013716 100.375641 0.082271 -0.009775 0.996562 0.023125 0.000000 0.000000 0.000000 1.000000
0.995488 0.048671 -0.081453 4.619843 -0.047696 0.998765 0.013885 100.375000 0.082029 -0.009937 0.996580 0.029762 0.000000 0.000000 0.000000 1.000000
0.995482 0.048844 -0.081426 4.631302 -0.047861 0.998756 0.013983 100.374588 0.082007 -0.010022 0.996581 0.037809 0.000000 0.000000 0.000000 1.000000
0.995466 0.048910 -0.081574 4.645000 -0.047923 0.998753 0.014024 100.374374 0.082159 -0.010051 0.996569 0.048522 0.000000 0.000000 0.000000 1.000000
0.995437 0.048872 -0.081952 4.660693 -0.047878 0.998754 0.014049 100.374245 0.082537 -0.010061 0.996537 0.062703 0.000000 0.000000 0.000000 1.000000
0.995390 0.048772 -0.082589 4.677947 -0.047768 0.998759 0.014088 100.374153 0.083174 -0.010078 0.996484 0.080386 0.000000 0.000000 0.000000 1.000000
0.995321 0.048706 -0.083450 4.696076 -0.047687 0.998762 0.014164 100.374123 0.084037 -0.010118 0.996411 0.099138 0.000000 0.000000 0.000000 1.000000
0.995219 0.048786 -0.084608 4.714507 -0.047741 0.998757 0.014339 100.374023 0.085203 -0.010231 0.996311 0.113660 0.000000 0.000000 0.000000 1.000000
0.995071 0.049028 -0.086198 4.733368 -0.047939 0.998743 0.014657 100.373749 0.086808 -0.010452 0.996170 0.116966 0.000000 0.000000 0.000000 1.000000
0.994882 0.049370 -0.088156 4.752880 -0.048227 0.998723 0.015055 100.373383 0.088786 -0.010726 0.995993 0.121056 0.000000 0.000000 0.000000 1.000000
0.994685 0.049790 -0.090128 4.772364 -0.048599 0.998700 0.015365 100.373024 0.090776 -0.010903 0.995812 0.124928 0.000000 0.000000 0.000000 1.000000
0.994519 0.050267 -0.091684 4.791034 -0.049049 0.998676 0.015488 100.372734 0.092342 -0.010906 0.995668 0.127958 0.000000 0.000000 0.000000 1.000000
0.994405 0.050793 -0.092623 4.808525 -0.049565 0.998650 0.015511 100.372681 0.093286 -0.010833 0.995580 0.130084 0.000000 0.000000 0.000000 1.000000
0.994340 0.051364 -0.093001 4.824930 -0.050128 0.998621 0.015583 100.372765 0.093674 -0.010833 0.995544 0.131247 0.000000 0.000000 0.000000 1.000000
0.994313 0.051947 -0.092966 4.840477 -0.050696 0.998590 0.015769 100.372978 0.093654 -0.010966 0.995544 0.131124 0.000000 0.000000 0.000000 1.000000
0.994313 0.052463 -0.092679 4.855385 -0.051195 0.998560 0.016008 100.373276 0.093386 -0.011173 0.995567 0.129481 0.000000 0.000000 0.000000 1.000000
0.994326 0.052883 -0.092300 4.869762 -0.051601 0.998536 0.016233 100.373634 0.093024 -0.011378 0.995599 0.126330 0.000000 0.000000 0.000000 1.000000
0.994339 0.053302 -0.091913 4.883351 -0.052007 0.998512 0.016427 100.373932 0.092651 -0.011554 0.995632 0.121767 0.000000 0.000000 0.000000 1.000000
0.994346 0.053818 -0.091535 4.895939 -0.052516 0.998482 0.016581 100.374039 0.092289 -0.011680 0.995664 0.115811 0.000000 0.000000 0.000000 1.000000
0.994347 0.054424 -0.091174 4.907655 -0.053122 0.998449 0.016649 100.374123 0.091939 -0.011711 0.995696 0.108085 0.000000 0.000000 0.000000 1.000000
0.994342 0.055060 -0.090839 4.918643 -0.053765 0.998415 0.016647 100.374283 0.091611 -0.011669 0.995726 0.098490 0.000000 0.000000 0.000000 1.000000
0.994337 0.055672 -0.090529 4.928926 -0.054381 0.998381 0.016662 100.373856 0.091310 -0.011645 0.995754 0.087473 0.000000 0.000000 0.000000 1.000000
0.994332 0.056221 -0.090242 4.938325 -0.054931 0.998350 0.016727 100.373718 0.091033 -0.011675 0.995779 0.075575 0.000000 0.000000 0.000000 1.000000
0.994333 0.056673 -0.089944 4.946769 -0.055380 0.998324 0.016810 100.373840 0.090746 -0.011733 0.995805 0.063012 0.000000 0.000000 0.000000 1.000000
0.994346 0.057010 -0.089592 4.954186 -0.055717 0.998304 0.016870 100.374115 0.090402 -0.011783 0.995836 0.049842 0.000000 0.000000 0.000000 1.000000
0.994362 0.057260 -0.089247 4.960509 -0.055968 0.998289 0.016906 100.374420 0.090063 -0.011816 0.995866 0.036180 0.000000 0.000000 0.000000 1.000000
0.994364 0.057470 -0.089093 4.965846 -0.056179 0.998277 0.016933 100.374573 0.089913 -0.011833 0.995879 0.022105 0.000000 0.000000 0.000000 1.000000
0.994342 0.057578 -0.089271 4.971185 -0.056284 0.998271 0.016945 100.374924 0.090092 -0.011825 0.995863 0.007550 0.000000 0.000000 0.000000 1.000000
0.994300 0.057539 -0.089756 4.976767 -0.056240 0.998274 0.016940 100.375633 0.090575 -0.011796 0.995820 -0.007488 0.000000 0.000000 0.000000 1.000000
0.994248 0.057400 -0.090420 4.981687 -0.056095 0.998282 0.016912 100.376633 0.091235 -0.011743 0.995760 -0.023025 0.000000 0.000000 0.000000 1.000000
0.994184 0.057233 -0.091226 4.985106 -0.055923 0.998293 0.016862 100.377739 0.092036 -0.011663 0.995687 -0.039034 0.000000 0.000000 0.000000 1.000000
0.994092 0.057065 -0.092328 4.993622 -0.055746 0.998304 0.016800 100.378929 0.093130 -0.011553 0.995587 -0.055454 0.000000 0.000000 0.000000 1.000000
0.993959 0.056873 -0.093872 4.999345 -0.055543 0.998316 0.016719 100.380150 0.094665 -0.011404 0.995444 -0.072304 0.000000 0.000000 0.000000 1.000000
0.993791 0.056695 -0.095729 5.002480 -0.055350 0.998328 0.016656 100.381401 0.096514 -0.011254 0.995268 -0.089515 0.000000 0.000000 0.000000 1.000000
0.993639 0.056575 -0.097368 5.005983 -0.055208 0.998336 0.016675 100.382324 0.098149 -0.011193 0.995109 -0.106960 0.000000 0.000000 0.000000 1.000000
0.993555 0.056570 -0.098228 5.007304 -0.055180 0.998335 0.016811 100.382416 0.099016 -0.011282 0.995022 -0.124597 0.000000 0.000000 0.000000 1.000000
0.993540 0.056691 -0.098310 5.006380 -0.055277 0.998325 0.017051 100.381790 0.099112 -0.011506 0.995010 -0.142328 0.000000 0.000000 0.000000 1.000000
0.993544 0.056847 -0.098178 5.004455 -0.055409 0.998314 0.017315 100.380898 0.098997 -0.011763 0.995018 -0.160096 0.000000 0.000000 0.000000 1.000000
0.993528 0.056956 -0.098280 5.002545 -0.055495 0.998305 0.017538 100.380249 0.099113 -0.011970 0.995004 -0.177915 0.000000 0.000000 0.000000 1.000000
0.993500 0.057016 -0.098526 5.000627 -0.055532 0.998299 0.017740 100.379738 0.099369 -0.012154 0.994976 -0.195766 0.000000 0.000000 0.000000 1.000000
0.993483 0.057082 -0.098656 4.998175 -0.055573 0.998293 0.017978 100.379181 0.099514 -0.012379 0.994959 -0.213573 0.000000 0.000000 0.000000 1.000000
0.993479 0.057167 -0.098650 4.995042 -0.055631 0.998284 0.018258 100.378471 0.099524 -0.012651 0.994955 -0.231240 0.000000 0.000000 0.000000 1.000000
0.993475 0.057223 -0.098657 4.991567 -0.055662 0.998278 0.018505 100.377838 0.099546 -0.012893 0.994949 -0.248816 0.000000 0.000000 0.000000 1.000000
0.993462 0.057188 -0.098802 4.988178 -0.055612 0.998279 0.018630 100.377495 0.099698 -0.013014 0.994933 -0.266478 0.000000 0.000000 0.000000 1.000000
0.993447 0.057074 -0.099025 4.984872 -0.055495 0.998285 0.018635 100.377380 0.099919 -0.013017 0.994910 -0.284228 0.000000 0.000000 0.000000 1.000000
0.993451 0.057033 -0.099009 4.980725 -0.055452 0.998287 0.018651 100.377007 0.099903 -0.013038 0.994912 -0.301762 0.000000 0.000000 0.000000 1.000000
0.993496 0.057216 -0.098444 4.974828 -0.055623 0.998274 0.018854 100.375656 0.099352 -0.013256 0.994964 -0.318632 0.000000 0.000000 0.000000 1.000000
0.993574 0.057593 -0.097435 4.967552 -0.055973 0.998246 0.019279 100.373276 0.098374 -0.013701 0.995055 -0.334664 0.000000 0.000000 0.000000 1.000000
0.993643 0.057986 -0.096497 4.960307 -0.056333 0.998216 0.019767 100.370430 0.097471 -0.014206 0.995137 -0.350051 0.000000 0.000000 0.000000 1.000000
0.993673 0.058241 -0.096036 4.954309 -0.056563 0.998196 0.020114 100.367493 0.097034 -0.014554 0.995175 -0.365175 0.000000 0.000000 0.000000 1.000000
0.993671 0.058363 -0.095979 4.949519 -0.056670 0.998187 0.020273 100.364594 0.096988 -0.014706 0.995177 -0.380174 0.000000 0.000000 0.000000 1.000000
0.993665 0.058442 -0.095995 4.945117 -0.056738 0.998181 0.020383 100.361771 0.097011 -0.014807 0.995173 -0.394672 0.000000 0.000000 0.000000 1.000000
0.993666 0.058522 -0.095932 4.940786 -0.056803 0.998174 0.020564 100.359024 0.096960 -0.014985 0.995175 -0.406075 0.000000 0.000000 0.000000 1.000000
0.993668 0.058596 -0.095869 4.936725 -0.056854 0.998166 0.020803 100.356583 0.096912 -0.015221 0.995177 -0.416809 0.000000 0.000000 0.000000 1.000000
0.993666 0.058625 -0.095866 4.933165 -0.056863 0.998161 0.021007 100.354568 0.096921 -0.015422 0.995173 -0.426501 0.000000 0.000000 0.000000 1.000000
0.993666 0.058573 -0.095897 4.930022 -0.056801 0.998162 0.021105 100.353104 0.096957 -0.015524 0.995168 -0.432503 0.000000 0.000000 0.000000 1.000000
0.993665 0.058431 -0.095994 4.927194 -0.056659 0.998171 0.021086 100.352585 0.097051 -0.015513 0.995159 -0.433798 0.000000 0.000000 0.000000 1.000000
0.993650 0.058248 -0.096260 4.924805 -0.056479 0.998183 0.021004 100.353607 0.097309 -0.015434 0.995135 -0.431432 0.000000 0.000000 0.000000 1.000000
0.993617 0.058108 -0.096688 4.922776 -0.056336 0.998192 0.020954 100.356079 0.097731 -0.015373 0.995094 -0.426691 0.000000 0.000000 0.000000 1.000000
0.993577 0.058031 -0.097142 4.920881 -0.056251 0.998196 0.020966 100.359314 0.098183 -0.015367 0.995050 -0.420964 0.000000 0.000000 0.000000 1.000000
0.993544 0.057956 -0.097523 4.918984 -0.056169 0.998201 0.020970 100.362801 0.098563 -0.015357 0.995012 -0.415524 0.000000 0.000000 0.000000 1.000000
0.993521 0.057826 -0.097839 4.917112 -0.056042 0.998210 0.020883 100.366081 0.098871 -0.015264 0.994983 -0.410164 0.000000 0.000000 0.000000 1.000000
0.993500 0.057646 -0.098154 4.915284 -0.055874 0.998223 0.020707 100.368698 0.099173 -0.015089 0.994956 -0.404200 0.000000 0.000000 0.000000 1.000000
0.993477 0.057447 -0.098503 4.913557 -0.055689 0.998238 0.020504 100.370239 0.099507 -0.014885 0.994926 -0.398477 0.000000 0.000000 0.000000 1.000000
0.993460 0.057250 -0.098787 4.911847 -0.055505 0.998252 0.020324 100.370697 0.099777 -0.014708 0.994901 -0.393540 0.000000 0.000000 0.000000 1.000000
0.993468 0.057088 -0.098802 4.909849 -0.055355 0.998262 0.020198 100.370461 0.099783 -0.014596 0.994902 -0.386951 0.000000 0.000000 0.000000 1.000000
0.993506 0.056984 -0.098477 4.907355 -0.055265 0.998269 0.020107 100.369812 0.099452 -0.014534 0.994936 -0.376141 0.000000 0.000000 0.000000 1.000000
0.993556 0.056893 -0.098024 4.900300 -0.055190 0.998276 0.020000 100.368973 0.098993 -0.014462 0.994983 -0.362587 0.000000 0.000000 0.000000 1.000000
0.993594 0.056728 -0.097734 4.890518 -0.055045 0.998287 0.019833 100.368240 0.098692 -0.014327 0.995015 -0.350029 0.000000 0.000000 0.000000 1.000000
0.993611 0.056436 -0.097736 4.881168 -0.054772 0.998306 0.019620 100.367500 0.098677 -0.014141 0.995019 -0.340188 0.000000 0.000000 0.000000 1.000000
0.993608 0.056042 -0.097990 4.872380 -0.054396 0.998331 0.019393 100.366798 0.098914 -0.013939 0.994998 -0.332452 0.000000 0.000000 0.000000 1.000000
0.993590 0.055652 -0.098397 4.863753 -0.054018 0.998355 0.019193 100.366020 0.099303 -0.013755 0.994962 -0.324976 0.000000 0.000000 0.000000 1.000000
0.993563 0.055362 -0.098827 4.854836 -0.053734 0.998373 0.019060 100.365013 0.099722 -0.013627 0.994922 -0.315730 0.000000 0.000000 0.000000 1.000000
0.993545 0.055176 -0.099118 4.845302 -0.053551 0.998385 0.018977 100.363815 0.100005 -0.013546 0.994895 -0.303720 0.000000 0.000000 0.000000 1.000000
0.993546 0.055056 -0.099168 4.834821 -0.053443 0.998393 0.018846 100.362320 0.100046 -0.013424 0.994892 -0.289847 0.000000 0.000000 0.000000 1.000000
0.993562 0.054934 -0.099078 4.823700 -0.053351 0.998403 0.018558 100.360886 0.099939 -0.013152 0.994907 -0.277082 0.000000 0.000000 0.000000 1.000000
0.993576 0.054762 -0.099031 4.812745 -0.053229 0.998419 0.018056 100.359856 0.099863 -0.012668 0.994921 -0.268159 0.000000 0.000000 0.000000 1.000000
0.993588 0.054549 -0.099036 4.802271 -0.053082 0.998439 0.017391 100.358963 0.099830 -0.012022 0.994932 -0.260747 0.000000 0.000000 0.000000 1.000000
0.993609 0.054345 -0.098929 4.791824 -0.052957 0.998459 0.016602 100.357933 0.099679 -0.011257 0.994956 -0.247513 0.000000 0.000000 0.000000 1.000000
0.993654 0.054173 -0.098579 4.780906 -0.052884 0.998478 0.015649 100.357040 0.099277 -0.010336 0.995006 -0.221846 0.000000 0.000000 0.000000 1.000000
0.993710 0.053994 -0.098106 4.769853 -0.052815 0.998498 0.014575 100.356445 0.098746 -0.009302 0.995069 -0.185326 0.000000 0.000000 0.000000 1.000000
0.993748 0.053825 -0.097811 4.759182 -0.052739 0.998515 0.013661 100.356209 0.098401 -0.008417 0.995111 -0.148231 0.000000 0.000000 0.000000 1.000000
0.993761 0.053774 -0.097711 4.748728 -0.052737 0.998522 0.013170 100.356331 0.098274 -0.007935 0.995128 -0.117288 0.000000 0.000000 0.000000 1.000000
0.993777 0.053924 -0.097461 4.737687 -0.052896 0.998514 0.013094 100.357079 0.098022 -0.007857 0.995153 -0.089090 0.000000 0.000000 0.000000 1.000000
0.993817 0.054169 -0.096916 4.725963 -0.053136 0.998500 0.013213 100.358116 0.097486 -0.007981 0.995205 -0.060015 0.000000 0.000000 0.000000 1.000000
0.993867 0.054298 -0.096337 4.714375 -0.053268 0.998493 0.013237 100.359840 0.096910 -0.008024 0.995261 -0.033019 0.000000 0.000000 0.000000 1.000000
0.993910 0.054235 -0.095927 4.703381 -0.053228 0.998497 0.013030 100.362350 0.096490 -0.007844 0.995303 -0.010445 0.000000 0.000000 0.000000 1.000000
0.993949 0.054082 -0.095603 4.692613 -0.053113 0.998508 0.012658 100.365021 0.096145 -0.007504 0.995339 0.009543 0.000000 0.000000 0.000000 1.000000
0.993996 0.053969 -0.095183 4.681492 -0.053037 0.998517 0.012295 100.367561 0.095705 -0.007173 0.995384 0.028359 0.000000 0.000000 0.000000 1.000000
0.994061 0.053930 -0.094521 4.669638 -0.053023 0.998520 0.012084 100.369919 0.095033 -0.007000 0.995450 0.046055 0.000000 0.000000 0.000000 1.000000
0.994151 0.053921 -0.093574 4.656984 -0.053027 0.998521 0.012023 100.372047 0.094084 -0.006991 0.995540 0.064197 0.000000 0.000000 0.000000 1.000000
0.994254 0.053901 -0.092482 4.643827 -0.053018 0.998522 0.011989 100.373978 0.092991 -0.007016 0.995642 0.084457 0.000000 0.000000 0.000000 1.000000
0.994353 0.053858 -0.091446 4.630555 -0.052993 0.998524 0.011861 100.375679 0.091950 -0.006948 0.995739 0.104956 0.000000 0.000000 0.000000 1.000000
0.994440 0.053779 -0.090532 4.617400 -0.052946 0.998530 0.011581 100.376999 0.091021 -0.006723 0.995826 0.121677 0.000000 0.000000 0.000000 1.000000
0.994523 0.053673 -0.089683 4.604370 -0.052881 0.998538 0.011188 100.377983 0.090153 -0.006384 0.995907 0.133797 0.000000 0.000000 0.000000 1.000000
0.994602 0.053563 -0.088871 4.591463 -0.052816 0.998547 0.010733 100.378906 0.089317 -0.005981 0.995985 0.144179 0.000000 0.000000 0.000000 1.000000
0.994671 0.053451 -0.088161 4.578820 -0.052752 0.998555 0.010245 100.379906 0.088581 -0.005540 0.996054 0.155296 0.000000 0.000000 0.000000 1.000000
0.994722 0.053330 -0.087654 4.566668 -0.052678 0.998564 0.009728 100.381096 0.088047 -0.005059 0.996104 0.166380 0.000000 0.000000 0.000000 1.000000
0.994751 0.053192 -0.087412 4.555105 -0.052590 0.998574 0.009177 100.382515 0.087775 -0.004532 0.996130 0.175489 0.000000 0.000000 0.000000 1.000000
0.994765 0.053040 -0.087351 4.543974 -0.052486 0.998584 0.008625 100.383911 0.087685 -0.003995 0.996140 0.183185 0.000000 0.000000 0.000000 1.000000
0.994784 0.052862 -0.087235 4.532864 -0.052351 0.998596 0.008139 100.385109 0.087542 -0.003530 0.996155 0.192100 0.000000 0.000000 0.000000 1.000000
0.994829 0.052644 -0.086855 4.521540 -0.052165 0.998608 0.007772 100.385956 0.087143 -0.003201 0.996191 0.203582 0.000000 0.000000 0.000000 1.000000
0.994903 0.052358 -0.086175 4.503047 -0.051900 0.998624 0.007549 100.386353 0.086452 -0.003038 0.996251 0.216141 0.000000 0.000000 0.000000 1.000000
0.995001 0.051998 -0.085256 4.485225 -0.051549 0.998643 0.007458 100.386642 0.085528 -0.003026 0.996331 0.227885 0.000000 0.000000 0.000000 1.000000
0.995120 0.051559 -0.084133 4.467213 -0.051111 0.998665 0.007472 100.386803 0.084406 -0.003135 0.996427 0.240136 0.000000 0.000000 0.000000 1.000000
0.995251 0.051049 -0.082877 4.446619 -0.050599 0.998691 0.007529 100.386749 0.083153 -0.003299 0.996531 0.256306 0.000000 0.000000 0.000000 1.000000
0.995371 0.050517 -0.081757 4.421033 -0.050065 0.998717 0.007567 100.386574 0.082035 -0.003439 0.996624 0.276596 0.000000 0.000000 0.000000 1.000000
0.995445 0.050033 -0.081159 4.389798 -0.049582 0.998741 0.007566 100.386353 0.081435 -0.003508 0.996672 0.296116 0.000000 0.000000 0.000000 1.000000
0.995464 0.049615 -0.081178 4.353076 -0.049164 0.998762 0.007549 100.385765 0.081452 -0.003524 0.996671 0.312149 0.000000 0.000000 0.000000 1.000000
0.995461 0.049209 -0.081459 4.310628 -0.048758 0.998782 0.007512 100.384712 0.081730 -0.003506 0.996648 0.329206 0.000000 0.000000 0.000000 1.000000
0.995477 0.048776 -0.081532 4.262589 -0.048330 0.998804 0.007438 100.383301 0.081797 -0.003464 0.996643 0.352638 0.000000 0.000000 0.000000 1.000000
0.995519 0.048421 -0.081227 4.210856 -0.047977 0.998821 0.007407 100.381668 0.081490 -0.003476 0.996668 0.379770 0.000000 0.000000 0.000000 1.000000
0.995565 0.048251 -0.080758 4.159086 -0.047800 0.998829 0.007508 100.379974 0.081025 -0.003615 0.996705 0.401855 0.000000 0.000000 0.000000 1.000000
0.995594 0.048240 -0.080410 4.109985 -0.047774 0.998828 0.007711 100.378433 0.080687 -0.003836 0.996732 0.415378 0.000000 0.000000 0.000000 1.000000
0.995603 0.048258 -0.080285 4.064642 -0.047780 0.998827 0.007868 100.377281 0.080571 -0.003998 0.996741 0.424595 0.000000 0.000000 0.000000 1.000000
0.995604 0.048171 -0.080322 4.023884 -0.047692 0.998831 0.007875 100.376549 0.080607 -0.004010 0.996738 0.433854 0.000000 0.000000 0.000000 1.000000
0.995608 0.047955 -0.080402 3.987929 -0.047484 0.998842 0.007759 100.376396 0.080681 -0.003908 0.996732 0.443475 0.000000 0.000000 0.000000 1.000000
0.995617 0.047689 -0.080454 3.956877 -0.047228 0.998855 0.007625 100.376556 0.080725 -0.003792 0.996729 0.451508 0.000000 0.000000 0.000000 1.000000
0.995622 0.047445 -0.080537 3.932562 -0.046989 0.998867 0.007546 100.376999 0.080804 -0.003728 0.996723 0.455511 0.000000 0.000000 0.000000 1.000000
0.995611 0.047242 -0.080790 3.917348 -0.046788 0.998877 0.007499 100.377769 0.081054 -0.003686 0.996703 0.453988 0.000000 0.000000 0.000000 1.000000
0.995585 0.047028 -0.081239 3.911458 -0.046581 0.998887 0.007388 100.378983 0.081496 -0.003572 0.996667 0.448524 0.000000 0.000000 0.000000 1.000000
0.995556 0.046736 -0.081760 3.914800 -0.046305 0.998902 0.007162 100.380730 0.082005 -0.003344 0.996626 0.442248 0.000000 0.000000 0.000000 1.000000
0.995536 0.046383 -0.082200 3.920029 -0.045972 0.998919 0.006888 100.382660 0.082431 -0.003079 0.996592 0.435519 0.000000 0.000000 0.000000 1.000000
0.995529 0.046050 -0.082468 3.926712 -0.045653 0.998935 0.006697 100.384949 0.082688 -0.002902 0.996571 0.426101 0.000000 0.000000 0.000000 1.000000
0.995537 0.045784 -0.082522 3.934649 -0.045389 0.998947 0.006646 100.387634 0.082739 -0.002871 0.996567 0.413225 0.000000 0.000000 0.000000 1.000000
0.995560 0.045580 -0.082363 3.943848 -0.045180 0.998956 0.006704 100.390305 0.082583 -0.002953 0.996580 0.398358 0.000000 0.000000 0.000000 1.000000
0.995591 0.045427 -0.082067 3.954388 -0.045019 0.998963 0.006808 100.392616 0.082291 -0.003083 0.996604 0.381991 0.000000 0.000000 0.000000 1.000000
0.995625 0.045317 -0.081717 3.966265 -0.044901 0.998967 0.006923 100.394569 0.081946 -0.003223 0.996632 0.364043 0.000000 0.000000 0.000000 1.000000
0.995659 0.045239 -0.081337 3.979376 -0.044813 0.998970 0.007064 100.396248 0.081573 -0.003388 0.996662 0.346482 0.000000 0.000000 0.000000 1.000000
0.995689 0.045198 -0.081001 3.993765 -0.044757 0.998972 0.007251 100.397408 0.081245 -0.003595 0.996688 0.330304 0.000000 0.000000 0.000000 1.000000
0.995696 0.045298 -0.080853 4.008912 -0.044839 0.998966 0.007480 100.397842 0.081109 -0.003823 0.996698 0.312850 0.000000 0.000000 0.000000 1.000000
0.995679 0.045580 -0.080904 4.024563 -0.045101 0.998953 0.007731 100.397797 0.081171 -0.004048 0.996692 0.292705 0.000000 0.000000 0.000000 1.000000
0.995654 0.045947 -0.081006 4.041065 -0.045449 0.998935 0.007990 100.397537 0.081286 -0.004273 0.996682 0.272172 0.000000 0.000000 0.000000 1.000000
0.995626 0.046291 -0.081152 4.058920 -0.045773 0.998918 0.008240 100.397263 0.081446 -0.004489 0.996668 0.251859 0.000000 0.000000 0.000000 1.000000
0.995588 0.046516 -0.081494 4.078856 -0.045979 0.998907 0.008461 100.397171 0.081798 -0.004677 0.996638 0.228666 0.000000 0.000000 0.000000 1.000000
0.995542 0.046635 -0.081986 4.100548 -0.046078 0.998900 0.008673 100.397179 0.082300 -0.004857 0.996596 0.201065 0.000000 0.000000 0.000000 1.000000
0.995508 0.046737 -0.082332 4.122808 -0.046156 0.998894 0.008947 100.396973 0.082659 -0.005106 0.996565 0.170479 0.000000 0.000000 0.000000 1.000000
0.995504 0.046870 -0.082307 4.145075 -0.046259 0.998886 0.009320 100.396408 0.082652 -0.005471 0.996563 0.137831 0.000000 0.000000 0.000000 1.000000
0.995526 0.047042 -0.081941 4.167294 -0.046396 0.998875 0.009768 100.395569 0.082308 -0.005922 0.996589 0.103745 0.000000 0.000000 0.000000 1.000000
0.995558 0.047204 -0.081456 4.189803 -0.046525 0.998865 0.010217 100.394798 0.081846 -0.006382 0.996625 0.071096 0.000000 0.000000 0.000000 1.000000
0.995580 0.047290 -0.081142 4.212975 -0.046582 0.998858 0.010595 100.394562 0.081551 -0.006769 0.996646 0.043477 0.000000 0.000000 0.000000 1.000000
0.995581 0.047270 -0.081137 4.236802 -0.046539 0.998857 0.010876 100.395020 0.081559 -0.007052 0.996644 0.021459 0.000000 0.000000 0.000000 1.000000
0.995582 0.047185 -0.081182 4.260448 -0.046436 0.998860 0.011100 100.395775 0.081613 -0.007281 0.996637 0.003103 0.000000 0.000000 0.000000 1.000000
0.995609 0.047103 -0.080890 4.282875 -0.046337 0.998862 0.011324 100.396309 0.081331 -0.007526 0.996659 -0.012961 0.000000 0.000000 0.000000 1.000000
0.995668 0.047028 -0.080207 4.304057 -0.046248 0.998863 0.011558 100.396461 0.080660 -0.007799 0.996711 -0.026677 0.000000 0.000000 0.000000 1.000000
0.995738 0.046945 -0.079383 4.324440 -0.046154 0.998865 0.011774 100.396385 0.079846 -0.008060 0.996775 -0.038142 0.000000 0.000000 0.000000 1.000000
0.995801 0.046876 -0.078637 4.344079 -0.046076 0.998866 0.011952 100.396385 0.079108 -0.008278 0.996832 -0.047842 0.000000 0.000000 0.000000 1.000000
0.995852 0.046851 -0.078000 4.362762 -0.046045 0.998866 0.012110 100.396439 0.078479 -0.008469 0.996880 -0.055694 0.000000 0.000000 0.000000 1.000000
0.995895 0.046900 -0.077422 4.380147 -0.046083 0.998862 0.012313 100.396355 0.077911 -0.008695 0.996922 -0.060590 0.000000 0.000000 0.000000 1.000000
0.995929 0.046982 -0.076929 4.396445 -0.046149 0.998855 0.012576 100.395966 0.077432 -0.008974 0.996957 -0.062194 0.000000 0.000000 0.000000 1.000000
0.995951 0.047035 -0.076610 4.412097 -0.046183 0.998850 0.012858 100.395462 0.077127 -0.009267 0.996978 -0.062296 0.000000 0.000000 0.000000 1.000000
0.995960 0.047059 -0.076479 4.427131 -0.046186 0.998846 0.013138 100.394943 0.077009 -0.009553 0.996985 -0.062996 0.000000 0.000000 0.000000 1.000000
0.995961 0.047074 -0.076455 4.441401 -0.046181 0.998843 0.013406 100.394524 0.076998 -0.009821 0.996983 -0.064998 0.000000 0.000000 0.000000 1.000000
0.995959 0.047081 -0.076479 4.454816 -0.046171 0.998841 0.013616 100.394028 0.077031 -0.010030 0.996978 -0.067932 0.000000 0.000000 0.000000 1.000000
0.995952 0.047052 -0.076587 4.467532 -0.046137 0.998841 0.013677 100.393623 0.077142 -0.010088 0.996969 -0.071691 0.000000 0.000000 0.000000 1.000000
0.995935 0.046982 -0.076852 4.479678 -0.046073 0.998846 0.013565 100.393372 0.077401 -0.009969 0.996950 -0.076052 0.000000 0.000000 0.000000 1.000000
0.995904 0.046912 -0.077297 4.491117 -0.046014 0.998852 0.013352 100.393242 0.077835 -0.009741 0.996919 -0.080258 0.000000 0.000000 0.000000 1.000000
0.995862 0.046892 -0.077847 4.501446 -0.046005 0.998855 0.013154 100.393036 0.078375 -0.009518 0.996879 -0.082636 0.000000 0.000000 0.000000 1.000000
0.995818 0.046956 -0.078363 4.510137 -0.046072 0.998853 0.013057 100.392502 0.078887 -0.009392 0.996839 -0.080956 0.000000 0.000000 0.000000 1.000000
0.995781 0.047081 -0.078768 4.517117 -0.046194 0.998847 0.013046 100.391380 0.079292 -0.009353 0.996808 -0.074506 0.000000 0.000000 0.000000 1.000000
0.995749 0.047212 -0.079087 4.522724 -0.046321 0.998841 0.013057 100.390137 0.079612 -0.009338 0.996782 -0.064632 0.000000 0.000000 0.000000 1.000000
0.995721 0.047321 -0.079381 4.527334 -0.046426 0.998836 0.013080 100.388947 0.079907 -0.009338 0.996759 -0.052789 0.000000 0.000000 0.000000 1.000000
0.995692 0.047415 -0.079686 4.531145 -0.046513 0.998831 0.013134 100.387741 0.080216 -0.009371 0.996733 -0.039886 0.000000 0.000000 0.000000 1.000000
0.995660 0.047525 -0.080012 4.534149 -0.046610 0.998825 0.013262 100.386353 0.080548 -0.009475 0.996706 -0.026799 0.000000 0.000000 0.000000 1.000000
0.995624 0.047674 -0.080373 4.536388 -0.046741 0.998817 0.013445 100.384689 0.080919 -0.009630 0.996674 -0.015595 0.000000 0.000000 0.000000 1.000000
0.995583 0.047842 -0.080778 4.538048 -0.046892 0.998807 0.013619 100.382820 0.081333 -0.009771 0.996639 -0.008393 0.000000 0.000000 0.000000 1.000000
0.995547 0.047965 -0.081151 4.539343 -0.047007 0.998801 0.013680 100.381111 0.081710 -0.009804 0.996608 -0.005199 0.000000 0.000000 0.000000 1.000000
0.995539 0.047880 -0.081295 4.541065 -0.046929 0.998806 0.013574 100.379921 0.081848 -0.009699 0.996598 -0.003231 0.000000 0.000000 0.000000 1.000000</float_array>
        <technique_common>
          <accessor source="#mixamorig_Hips-Matrix-animation-output-transform-array" count="181" stride="16">
            <param type="float4x4"/>
          </accessor>
        </technique_common>
      </source>
      <source id="mixamorig_Hips-Interpolations">
        <Name_array id="mixamorig_Hips-Interpolations-array" count="181">
 LINEAR LINEAR LINEAR LINEAR LINEAR LINEAR LINEAR LINEAR LINEAR LINEAR LINEAR
LINEAR LINEAR LINEAR LINEAR LINEAR LINEAR LINEAR LINEAR LINEAR LINEAR LINEAR LINEAR
LINEAR LINEAR LINEAR LINEAR LINEAR LINEAR LINEAR LINEAR LINEAR LINEAR LINEAR LINEAR
LINEAR LINEAR LINEAR LINEAR LINEAR LINEAR LINEAR LINEAR LINEAR LINEAR LINEAR LINEAR
LINEAR LINEAR LINEAR LINEAR LINEAR LINEAR LINEAR LINEAR LINEAR LINEAR LINEAR LINEAR
LINEAR LINEAR LINEAR LINEAR LINEAR LINEAR LINEAR LINEAR LINEAR LINEAR LINEAR LINEAR
LINEAR LINEAR LINEAR LINEAR LINEAR LINEAR LINEAR LINEAR LINEAR LINEAR LINEAR LINEAR
LINEAR LINEAR LINEAR LINEAR LINEAR LINEAR LINEAR LINEAR LINEAR LINEAR LINEAR LINEAR
LINEAR LINEAR LINEAR LINEAR LINEAR LINEAR LINEAR LINEAR LINEAR LINEAR LINEAR LINEAR
LINEAR LINEAR LINEAR LINEAR LINEAR LINEAR LINEAR LINEAR LINEAR LINEAR LINEAR LINEAR
LINEAR LINEAR LINEAR LINEAR LINEAR LINEAR LINEAR LINEAR LINEAR LINEAR LINEAR LINEAR
LINEAR LINEAR LINEAR LINEAR LINEAR LINEAR LINEAR LINEAR LINEAR LINEAR LINEAR LINEAR
LINEAR LINEAR LINEAR LINEAR LINEAR LINEAR LINEAR LINEAR LINEAR LINEAR LINEAR LINEAR
LINEAR LINEAR LINEAR LINEAR LINEAR LINEAR LINEAR LINEAR LINEAR LINEAR LINEAR LINEAR
LINEAR LINEAR LINEAR LINEAR LINEAR LINEAR LINEAR LINEAR LINEAR LINEAR LINEAR LINEAR
LINEAR LINEAR</Name_array>
        <technique_common>
          <accessor source="#mixamorig_Hips-Interpolations-array" count="181">
            <param type="name"/>
          </accessor>
        </technique_common>
      </source>
      <sampler id="mixamorig_Hips-Matrix-animation-transform">
        <input semantic="INPUT" source="#mixamorig_Hips-Matrix-animation-input"/>
        <input semantic="OUTPUT" source="#mixamorig_Hips-Matrix-animation-output-transform"/>
        <input semantic="INTERPOLATION" source="#mixamorig_Hips-Interpolations"/>
      </sampler>
      <channel source="#mixamorig_Hips-Matrix-animation-transform" target="mixamorig_Hips/matrix"/>
    </animation>
    <animation id="mixamorig_Spine-anim" name="mixamorig_Spine">
      <source id="mixamorig_Spine-Matrix-animation-input">
        <float_array id="mixamorig_Spine-Matrix-animation-input-array" count="181">

0.000000 0.033333 0.066667 0.100000 0.133333 0.166667 0.200000 0.233333 0.266667 0.300000 0.333333 0.366667 0.400000 0.433333 0.466667 0.500000
0.533333 0.566667 0.600000 0.633333 0.666667 0.700000 0.733333 0.766667 0.800000 0.833333 0.866667 0.900000 0.933333 0.966667 1.000000 1.033333
1.066667 1.100000 1.133333 1.166667 1.200000 1.233333 1.266667 1.300000 1.333333 1.366667 1.400000 1.433333 1.466667 1.500000 1.533333 1.566667
1.600000 1.633333 1.666667 1.700000 1.733333 1.766667 1.800000 1.833333 1.866667 1.900000 1.933333 1.966667 2.000000 2.033333 2.066667 2.100000
2.133333 2.166667 2.200000 2.233333 2.266667 2.300000 2.333333 2.366667 2.400000 2.433333 2.466667 2.500000 2.533333 2.566667 2.600000 2.633333
2.666667 2.700000 2.733333 2.766667 2.800000 2.833333 2.866667 2.900000 2.933333 2.966667 3.000000 3.033333 3.066667 3.100000 3.133333 3.166667
3.200000 3.233333 3.266667 3.300000 3.333333 3.366667 3.400000 3.433333 3.466667 3.500000 3.533333 3.566667 3.600000 3.633333 3.666667 3.700000
3.733333 3.766667 3.800000 3.833333 3.866667 3.900000 3.933333 3.966667 4.000000 4.033333 4.066667 4.100000 4.133333 4.166667 4.200000 4.233333
4.266667 4.300000 4.333333 4.366667 4.400000 4.433333 4.466667 4.500000 4.533333 4.566667 4.600000 4.633333 4.666667 4.700000 4.733333 4.766667
4.800000 4.833333 4.866667 4.900000 4.933333 4.966667 5.000000 5.033333 5.066667 5.100000 5.133333 5.166667 5.200000 5.233333 5.266667 5.300000
5.333333 5.366667 5.400000 5.433333 5.466667 5.500000 5.533333 5.566667 5.600000 5.633333 5.666667 5.700000 5.733333 5.766667 5.800000 5.833333
5.866667 5.900000 5.933333 5.966667 6.000000</float_array>
        <technique_common>
          <accessor source="#mixamorig_Spine-Matrix-animation-input-array" count="181">
            <param name="TIME" type="float"/>
          </accessor>
        </technique_common>
      </source>
      <source id="mixamorig_Spine-Matrix-animation-output-transform">
        <float_array id="mixamorig_Spine-Matrix-animation-output-transform-array" count="2896">

0.999557 -0.028268 0.009340 -0.000000 0.027240 0.994994 0.096149 9.527200 -0.012011 -0.095852 0.995323 -1.123700 0.000000 0.000000 0.000000 1.000000
0.999557 -0.028262 0.009382 0.000000 0.027230 0.994993 0.096160 9.527200 -0.012053 -0.095862 0.995322 -1.123700 0.000000 0.000000 0.000000 1.000000
0.999557 -0.028253 0.009407 0.000000 0.027219 0.994992 0.096174 9.527200 -0.012077 -0.095875 0.995320 -1.123700 0.000000 0.000000 0.000000 1.000000
0.999557 -0.028248 0.009405 0.000000 0.027214 0.994991 0.096194 9.527200 -0.012075 -0.095895 0.995318 -1.123700 0.000000 0.000000 0.000000 1.000000
0.999557 -0.028246 0.009389 -0.000000 0.027213 0.994987 0.096236 9.527200 -0.012061 -0.095937 0.995314 -1.123700 0.000000 0.000000 0.000000 1.000000
0.999557 -0.028244 0.009375 0.000000 0.027211 0.994980 0.096308 9.527200 -0.012048 -0.096010 0.995307 -1.123700 0.000000 0.000000 0.000000 1.000000
0.999557 -0.028236 0.009362 0.000000 0.027203 0.994971 0.096401 9.527200 -0.012037 -0.096104 0.995299 -1.123700 0.000000 0.000000 0.000000 1.000000
0.999558 -0.028222 0.009344 0.000000 0.027190 0.994962 0.096498 9.527200 -0.012021 -0.096201 0.995289 -1.123700 0.000000 0.000000 0.000000 1.000000
0.999559 -0.028206 0.009319 -0.000000 0.027175 0.994953 0.096596 9.527200 -0.011997 -0.096301 0.995280 -1.123700 0.000000 0.000000 0.000000 1.000000
0.999559 -0.028195 0.009289 -0.000000 0.027166 0.994941 0.096715 9.527200 -0.011969 -0.096420 0.995269 -1.123700 0.000000 0.000000 0.000000 1.000000
0.999560 -0.028191 0.009243 -0.000000 0.027164 0.994928 0.096856 9.527200 -0.011927 -0.096563 0.995255 -1.123700 0.000000 0.000000 0.000000 1.000000
0.999561 -0.028184 0.009165 0.000000 0.027164 0.994914 0.097000 9.527200 -0.011852 -0.096709 0.995242 -1.123700 0.000000 0.000000 0.000000 1.000000
0.999562 -0.028174 0.009050 0.000000 0.027163 0.994901 0.097133 9.527200 -0.011740 -0.096844 0.995230 -1.123700 0.000000 0.000000 0.000000 1.000000
0.999564 -0.028157 0.008914 0.000000 0.027158 0.994887 0.097270 9.527200 -0.011607 -0.096985 0.995218 -1.123700 0.000000 0.000000 0.000000 1.000000
0.999565 -0.028141 0.008774 0.000000 0.027154 0.994872 0.097424 9.527200 -0.011470 -0.097144 0.995204 -1.123700 0.000000 0.000000 0.000000 1.000000
0.999567 -0.028128 0.008625 0.000000 0.027153 0.994856 0.097596 9.527200 -0.011326 -0.097319 0.995189 -1.123700 0.000000 0.000000 0.000000 1.000000
0.999569 -0.028117 0.008464 -0.000000 0.027156 0.994838 0.097778 9.527200 -0.011170 -0.097506 0.995172 -1.123700 0.000000 0.000000 0.000000 1.000000
0.999571 -0.028099 0.008290 -0.000000 0.027153 0.994819 0.097967 9.527200 -0.011000 -0.097700 0.995155 -1.123700 0.000000 0.000000 0.000000 1.000000
0.999573 -0.028076 0.008104 -0.000000 0.027146 0.994801 0.098157 9.527200 -0.010818 -0.097895 0.995138 -1.123700 0.000000 0.000000 0.000000 1.000000
0.999575 -0.028055 0.007909 0.000000 0.027142 0.994782 0.098342 9.527200 -0.010627 -0.098085 0.995121 -1.123700 0.000000 0.000000 0.000000 1.000000
0.999577 -0.028050 0.007725 -0.000000 0.027153 0.994766 0.098502 9.527200 -0.010448 -0.098251 0.995107 -1.123700 0.000000 0.000000 0.000000 1.000000
0.999577 -0.028065 0.007573 -0.000000 0.027183 0.994753 0.098626 9.527200 -0.010302 -0.098379 0.995096 -1.123700 0.000000 0.000000 0.000000 1.000000
0.999577 -0.028098 0.007450 0.000000 0.027227 0.994743 0.098719 9.527200 -0.010184 -0.098475 0.995087 -1.123700 0.000000 0.000000 0.000000 1.000000
0.999577 -0.028146 0.007322 -0.000000 0.027286 0.994732 0.098809 9.527200 -0.010064 -0.098567 0.995080 -1.123700 0.000000 0.000000 0.000000 1.000000
0.999577 -0.028205 0.007151 -0.000000 0.027360 0.994720 0.098914 9.527200 -0.009903 -0.098676 0.995070 -1.123700 0.000000 0.000000 0.000000 1.000000
0.999576 -0.028276 0.006921 -0.000000 0.027452 0.994707 0.099021 9.527200 -0.009685 -0.098790 0.995061 -1.123700 0.000000 0.000000 0.000000 1.000000
0.999576 -0.028359 0.006644 0.000000 0.027562 0.994695 0.099103 9.527200 -0.009420 -0.098878 0.995055 -1.123700 0.000000 0.000000 0.000000 1.000000
0.999575 -0.028450 0.006346 0.000000 0.027681 0.994688 0.099147 9.527200 -0.009133 -0.098929 0.995053 -1.123700 0.000000 0.000000 0.000000 1.000000
0.999575 -0.028532 0.006058 -0.000000 0.027791 0.994683 0.099167 9.527200 -0.008856 -0.098956 0.995052 -1.123700 0.000000 0.000000 0.000000 1.000000
0.999574 -0.028600 0.005806 0.000000 0.027884 0.994679 0.099178 9.527200 -0.008611 -0.098974 0.995053 -1.123700 0.000000 0.000000 0.000000 1.000000
0.999573 -0.028670 0.005589 0.000000 0.027975 0.994676 0.099184 9.527200 -0.008403 -0.098985 0.995053 -1.123700 0.000000 0.000000 0.000000 1.000000
0.999572 -0.028757 0.005389 0.000000 0.028082 0.994672 0.099191 9.527200 -0.008213 -0.098997 0.995054 -1.123700 0.000000 0.000000 0.000000 1.000000
0.999570 -0.028863 0.005185 -0.000000 0.028206 0.994668 0.099201 9.527200 -0.008021 -0.099012 0.995054 -1.123700 0.000000 0.000000 0.000000 1.000000
0.999568 -0.028975 0.004970 0.000000 0.028340 0.994663 0.099209 9.527200 -0.007818 -0.099025 0.995054 -1.123700 0.000000 0.000000 0.000000 1.000000
0.999566 -0.029083 0.004745 0.000000 0.028469 0.994660 0.099201 9.527200 -0.007605 -0.099023 0.995056 -1.123700 0.000000 0.000000 0.000000 1.000000
0.999564 -0.029174 0.004517 -0.000000 0.028583 0.994659 0.099178 9.527200 -0.007386 -0.099006 0.995059 -1.123700 0.000000 0.000000 0.000000 1.000000
0.999563 -0.029243 0.004286 0.000000 0.028674 0.994659 0.099151 9.527200 -0.007163 -0.098984 0.995063 -1.123700 0.000000 0.000000 0.000000 1.000000
0.999563 -0.029285 0.004056 0.000000 0.028739 0.994659 0.099132 9.527200 -0.006938 -0.098972 0.995066 -1.123700 0.000000 0.000000 0.000000 1.000000
