<?xml version="1.0" encoding="utf-8"?>
<COLLADA xmlns="http://www.collada.org/2005/11/COLLADASchema" version="1.4.1">
  <asset>
    <contributor>
      <author>Mixamo</author>
      <authoring_tool>COLLADA Mixamo exporter</authoring_tool>
      <comments/>
    </contributor>
    <created>2022-12-26T19:53:53Z</created>
    <modified>2022-12-26T19:53:53Z</modified>
    <revision/>
    <title/>
    <unit meter="0.010000"/>
    <up_axis>Y_UP</up_axis>
  </asset>
  <library_animations>
    <animation id="mixamorig_Hips-anim" name="mixamorig_Hips">
      <source id="mixamorig_Hips-Matrix-animation-input">
        <float_array id="mixamorig_Hips-Matrix-animation-input-array" count="217">

0.000000 0.033333 0.066667 0.100000 0.133333 0.166667 0.200000 0.233333 0.266667 0.300000 0.333333 0.366667 0.400000 0.433333 0.466667 0.500000
0.533333 0.566667 0.600000 0.633333 0.666667 0.700000 0.733333 0.766667 0.800000 0.833333 0.866667 0.900000 0.933333 0.966667 1.000000 1.033333
1.066667 1.100000 1.133333 1.166667 1.200000 1.233333 1.266667 1.300000 1.333333 1.366667 1.400000 1.433333 1.466667 1.500000 1.533333 1.566667
1.600000 1.633333 1.666667 1.700000 1.733333 1.766667 1.800000 1.833333 1.866667 1.900000 1.933333 1.966667 2.000000 2.033333 2.066667 2.100000
2.133333 2.166667 2.200000 2.233333 2.266667 2.300000 2.333333 2.366667 2.400000 2.433333 2.466667 2.500000 2.533333 2.566667 2.600000 2.633333
2.666667 2.700000 2.733333 2.766667 2.800000 2.833333 2.866667 2.900000 2.933333 2.966667 3.000000 3.033333 3.066667 3.100000 3.133333 3.166667
3.200000 3.233333 3.266667 3.300000 3.333333 3.366667 3.400000 3.433333 3.466667 3.500000 3.533333 3.566667 3.600000 3.633333 3.666667 3.700000
3.733333 3.766667 3.800000 3.833333 3.866667 3.900000 3.933333 3.966667 4.000000 4.033333 4.066667 4.100000 4.133333 4.166667 4.200000 4.233333
4.266667 4.300000 4.333333 4.366667 4.400000 4.433333 4.466667 4.500000 4.533333 4.566667 4.600000 4.633333 4.666667 4.700000 4.733333 4.766667
4.800000 4.833333 4.866667 4.900000 4.933333 4.966667 5.000000 5.033333 5.066667 5.100000 5.133333 5.166667 5.200000 5.233333 5.266667 5.300000
5.333333 5.366667 5.400000 5.433333 5.466667 5.500000 5.533333 5.566667 5.600000 5.633333 5.666667 5.700000 5.733333 5.766667 5.800000 5.833333
5.866667 5.900000 5.933333 5.966667 6.000000 6.033333 6.066667 6.100000 6.133333 6.166667 6.200000 6.233333 6.266667 6.300000 6.333333 6.366667
6.400000 6.433333 6.466667 6.500000 6.533333 6.566667 6.600000 6.633333 6.666667 6.700000 6.733333 6.766667 6.800000 6.833333 6.866667 6.900000
6.933333 6.966667 7.000000 7.033333 7.066667 7.100000 7.133333 7.166667 7.200000</float_array>
        <technique_common>
          <accessor source="#mixamorig_Hips-Matrix-animation-input-array" count="217">
            <param name="TIME" type="float"/>
          </accessor>
        </technique_common>
      </source>
      <source id="mixamorig_Hips-Matrix-animation-output-transform">
        <float_array id="mixamorig_Hips-Matrix-animation-output-transform-array" count="3472">

0.993303 -0.070022 0.091901 -1.624342 0.050510 0.978562 0.199663 97.570511 -0.103911 -0.193684 0.975545 4.598149 0.000000 0.000000 0.000000 1.000000
0.993296 -0.070047 0.091956 -1.618276 0.050500 0.978516 0.199890 97.577766 -0.103982 -0.193906 0.975494 4.590700 0.000000 0.000000 0.000000 1.000000
0.993264 -0.070097 0.092269 -1.614335 0.050476 0.978495 0.199998 97.581245 -0.104304 -0.193993 0.975442 4.588961 0.000000 0.000000 0.000000 1.000000
0.993217 -0.070098 0.092773 -1.614683 0.050382 0.978508 0.199958 97.581772 -0.104796 -0.193928 0.975402 4.588699 0.000000 0.000000 0.000000 1.000000
0.993166 -0.069962 0.093412 -1.618876 0.050145 0.978561 0.199757 97.580322 -0.105384 -0.193708 0.975383 4.586188 0.000000 0.000000 0.000000 1.000000
0.993120 -0.069689 0.094108 -1.628178 0.049774 0.978645 0.199440 97.577484 -0.105997 -0.193384 0.975381 4.577783 0.000000 0.000000 0.000000 1.000000
0.993072 -0.069398 0.094820 -1.640890 0.049385 0.978732 0.199108 97.572754 -0.106622 -0.193046 0.975379 4.563716 0.000000 0.000000 0.000000 1.000000
0.993015 -0.069229 0.095542 -1.652009 0.049106 0.978799 0.198850 97.565948 -0.107283 -0.192769 0.975362 4.548459 0.000000 0.000000 0.000000 1.000000
0.992951 -0.069175 0.096240 -1.661447 0.048940 0.978850 0.198639 97.557755 -0.107946 -0.192529 0.975336 4.536165 0.000000 0.000000 0.000000 1.000000
0.992909 -0.069021 0.096787 -1.669517 0.048722 0.978935 0.198272 97.550507 -0.108433 -0.192150 0.975357 4.526825 0.000000 0.000000 0.000000 1.000000
0.992932 -0.068426 0.096974 -1.674833 0.048197 0.979138 0.197396 97.546738 -0.108459 -0.191326 0.975516 4.513364 0.000000 0.000000 0.000000 1.000000
0.993050 -0.067184 0.096635 -1.679756 0.047229 0.979532 0.195669 97.546921 -0.107803 -0.189745 0.975897 4.481578 0.000000 0.000000 0.000000 1.000000
0.993244 -0.065466 0.095813 -1.684440 0.045984 0.980122 0.192993 97.549675 -0.106543 -0.187284 0.976511 4.415906 0.000000 0.000000 0.000000 1.000000
0.993440 -0.063837 0.094876 -1.685527 0.044918 0.980830 0.189615 97.552551 -0.105162 -0.184110 0.977264 4.304886 0.000000 0.000000 0.000000 1.000000
0.993547 -0.062917 0.094367 -1.684530 0.044495 0.981550 0.185958 97.552986 -0.104325 -0.180560 0.978016 4.140118 0.000000 0.000000 0.000000 1.000000
0.993519 -0.062982 0.094617 -1.684187 0.044902 0.982213 0.182323 97.550247 -0.104417 -0.176893 0.978676 3.912202 0.000000 0.000000 0.000000 1.000000
0.993388 -0.063865 0.095407 -1.685080 0.046030 0.982837 0.178642 97.545639 -0.105179 -0.173069 0.979278 3.605324 0.000000 0.000000 0.000000 1.000000
0.993256 -0.065100 0.095939 -1.690334 0.047621 0.983529 0.174362 97.540848 -0.105710 -0.168618 0.979997 3.192677 0.000000 0.000000 0.000000 1.000000
0.993267 -0.066156 0.095102 -1.700367 0.049439 0.984465 0.168474 97.533768 -0.104770 -0.162638 0.981108 2.637940 0.000000 0.000000 0.000000 1.000000
0.993527 -0.066601 0.092025 -1.713275 0.051289 0.985826 0.159738 97.517250 -0.101360 -0.153984 0.982861 1.905041 0.000000 0.000000 0.000000 1.000000
0.994024 -0.066266 0.086748 -1.733091 0.053018 0.987717 0.146983 97.478607 -0.095422 -0.141506 0.985328 0.974958 0.000000 0.000000 0.000000 1.000000
0.994605 -0.065399 0.080521 -1.764943 0.054655 0.990127 0.129082 97.403122 -0.088167 -0.123985 0.988359 -0.141401 0.000000 0.000000 0.000000 1.000000
0.995057 -0.064601 0.075419 -1.810018 0.056539 0.992914 0.104520 97.279625 -0.081637 -0.099740 0.991659 -1.409832 0.000000 0.000000 0.000000 1.000000
0.995189 -0.064715 0.073564 -1.868975 0.059483 0.995686 0.071212 97.103004 -0.077856 -0.066493 0.994745 -2.792483 0.000000 0.000000 0.000000 1.000000
0.994832 -0.066799 0.076472 -1.940878 0.064890 0.997522 0.027182 96.871170 -0.078098 -0.022079 0.996701 -4.260194 0.000000 0.000000 0.000000 1.000000
0.993810 -0.071845 0.084735 -2.028537 0.074458 0.996828 -0.028095 96.576149 -0.082447 0.034230 0.996007 -5.791523 0.000000 0.000000 0.000000 1.000000
0.991956 -0.080058 0.098051 -2.152923 0.089198 0.991693 -0.092679 96.204536 -0.089817 0.100679 0.990857 -7.362710 0.000000 0.000000 0.000000 1.000000
0.989178 -0.090478 0.115505 -2.343264 0.108683 0.980696 -0.162555 95.745522 -0.098568 0.173349 0.979916 -8.934065 0.000000 0.000000 0.000000 1.000000
0.985506 -0.101460 0.135957 -2.620482 0.131410 0.963416 -0.233583 95.190727 -0.107284 0.248064 0.962785 -10.447480 0.000000 0.000000 0.000000 1.000000
0.981047 -0.111567 0.158426 -2.989691 0.155915 0.939973 -0.303548 94.527283 -0.115050 0.322496 0.939553 -11.838181 0.000000 0.000000 0.000000 1.000000
0.975896 -0.119872 0.182366 -3.432664 0.181391 0.910172 -0.372405 93.734779 -0.121344 0.396508 0.909977 -13.048414 0.000000 0.000000 0.000000 1.000000
0.970083 -0.125636 0.207738 -3.927190 0.207458 0.873434 -0.440538 92.803200 -0.126099 0.470455 0.873368 -14.037537 0.000000 0.000000 0.000000 1.000000
0.963642 -0.127731 0.234689 -4.466834 0.233427 0.829857 -0.506802 91.745728 -0.130024 0.543159 0.829501 -14.783773 0.000000 0.000000 0.000000 1.000000
0.956664 -0.124858 0.263066 -5.044987 0.258205 0.781392 -0.568116 90.611786 -0.134624 0.611422 0.779769 -15.280525 0.000000 0.000000 0.000000 1.000000
0.949229 -0.116579 0.292187 -5.646306 0.280983 0.731864 -0.620826 89.471352 -0.141465 0.671405 0.727463 -15.534660 0.000000 0.000000 0.000000 1.000000
0.941343 -0.103991 0.321027 -6.246407 0.301718 0.685424 -0.662692 88.382751 -0.151126 0.720680 0.676595 -15.566589 0.000000 0.000000 0.000000 1.000000
0.933071 -0.089080 0.348488 -6.806376 0.320728 0.644627 -0.693967 87.372559 -0.162826 0.759290 0.630053 -15.408018 0.000000 0.000000 0.000000 1.000000
0.924741 -0.073375 0.373457 -7.288087 0.337920 0.609755 -0.716944 86.441788 -0.175111 0.789186 0.588660 -15.099813 0.000000 0.000000 0.000000 1.000000
0.916898 -0.057261 0.394992 -7.671589 0.352634 0.579756 -0.734528 85.587471 -0.186939 0.812775 0.551770 -14.688511 0.000000 0.000000 0.000000 1.000000
0.910035 -0.040398 0.412559 -7.960890 0.364093 0.553688 -0.748910 84.821472 -0.198174 0.831744 0.518584 -14.225588 0.000000 0.000000 0.000000 1.000000
0.904352 -0.022851 0.426175 -8.178781 0.372040 0.531505 -0.760979 84.169434 -0.209125 0.846747 0.489169 -13.767081 0.000000 0.000000 0.000000 1.000000
0.899793 -0.005957 0.436276 -8.352728 0.377015 0.513913 -0.770554 83.655724 -0.219618 0.857822 0.464662 -13.367973 0.000000 0.000000 0.000000 1.000000
0.896315 0.007974 0.443347 -8.489371 0.379949 0.501650 -0.777166 83.296555 -0.228602 0.865034 0.446606 -13.068855 0.000000 0.000000 0.000000 1.000000
0.893951 0.017051 0.447839 -8.576473 0.381699 0.494693 -0.780759 83.088654 -0.234855 0.868900 0.435723 -12.881721 0.000000 0.000000 0.000000 1.000000
0.892660 0.021192 0.450232 -8.600268 0.382764 0.491833 -0.782044 83.023262 -0.238012 0.870432 0.430928 -12.792850 0.000000 0.000000 0.000000 1.000000
0.892242 0.022185 0.451012 -8.558689 0.383215 0.491111 -0.782276 83.083710 -0.238852 0.870814 0.429689 -12.774700 0.000000 0.000000 0.000000 1.000000
0.892515 0.022373 0.450462 -8.460073 0.382666 0.491060 -0.782577 83.254166 -0.238712 0.870839 0.429717 -12.801649 0.000000 0.000000 0.000000 1.000000
0.893453 0.023234 0.448555 -8.313907 0.380433 0.491743 -0.783237 83.525772 -0.238772 0.870430 0.430510 -12.858209 0.000000 0.000000 0.000000 1.000000
0.895176 0.024936 0.445016 -8.120770 0.375785 0.494679 -0.783632 83.894600 -0.239680 0.868718 0.433454 -12.938164 0.000000 0.000000 0.000000 1.000000
0.897791 0.026638 0.439615 -7.868120 0.368328 0.501845 -0.782615 84.356995 -0.241466 0.864547 0.440740 -13.039565 0.000000 0.000000 0.000000 1.000000
0.901283 0.027033 0.432387 -7.552307 0.358252 0.514706 -0.778931 84.903191 -0.243609 0.856941 0.454211 -13.160247 0.000000 0.000000 0.000000 1.000000
0.905475 0.024991 0.423662 -7.175316 0.346283 0.533632 -0.771573 85.520325 -0.245362 0.845348 0.474536 -13.294026 0.000000 0.000000 0.000000 1.000000
0.910105 0.020106 0.413890 -6.742291 0.333380 0.557684 -0.760162 86.191818 -0.246104 0.829810 0.500848 -13.431771 0.000000 0.000000 0.000000 1.000000
0.915014 0.012838 0.403218 -6.264455 0.320191 0.584907 -0.745226 86.895630 -0.245412 0.810999 0.531087 -13.563779 0.000000 0.000000 0.000000 1.000000
0.920245 0.004244 0.391321 -5.761847 0.306696 0.613281 -0.727890 87.608330 -0.243079 0.789853 0.563067 -13.679414 0.000000 0.000000 0.000000 1.000000
0.925898 -0.004430 0.377747 -5.254115 0.292301 0.641853 -0.708932 88.314331 -0.239317 0.766815 0.595586 -13.763624 0.000000 0.000000 0.000000 1.000000
0.931899 -0.012085 0.362515 -4.751871 0.276308 0.671137 -0.687917 89.012405 -0.234984 0.741235 0.628771 -13.793678 0.000000 0.000000 0.000000 1.000000
0.937835 -0.018136 0.346607 -4.257706 0.258664 0.702390 -0.663130 89.712036 -0.231427 0.711561 0.663417 -13.742208 0.000000 0.000000 0.000000 1.000000
0.943124 -0.022809 0.331659 -3.762654 0.240322 0.736104 -0.632768 90.421875 -0.229702 0.676484 0.699719 -13.588379 0.000000 0.000000 0.000000 1.000000
0.947478 -0.026959 0.318684 -3.264378 0.222630 0.770979 -0.596680 91.134331 -0.229613 0.636289 0.736487 -13.334173 0.000000 0.000000 0.000000 1.000000
0.951184 -0.031305 0.307032 -2.771815 0.206247 0.804551 -0.556920 91.827339 -0.229588 0.593058 0.771733 -13.004710 0.000000 0.000000 0.000000 1.000000
0.954858 -0.035805 0.294896 -2.299215 0.190814 0.834762 -0.516491 92.481400 -0.227675 0.549446 0.803911 -12.628298 0.000000 0.000000 0.000000 1.000000
0.958941 -0.039742 0.280807 -1.865217 0.175545 0.860837 -0.477644 93.090416 -0.222746 0.507326 0.832469 -12.218616 0.000000 0.000000 0.000000 1.000000
0.963474 -0.042228 0.264451 -1.477118 0.159793 0.883087 -0.441162 93.660774 -0.214903 0.467306 0.857579 -11.770788 0.000000 0.000000 0.000000 1.000000
0.968214 -0.042585 0.246470 -1.127645 0.143207 0.902283 -0.406666 94.200523 -0.205067 0.429036 0.879702 -11.270682 0.000000 0.000000 0.000000 1.000000
0.972821 -0.040496 0.227991 -0.813219 0.125747 0.919152 -0.373292 94.710297 -0.194442 0.391816 0.899262 -10.706299 0.000000 0.000000 0.000000 1.000000
0.977017 -0.035990 0.210103 -0.531371 0.107586 0.934151 -0.340276 95.186646 -0.184021 0.355059 0.916553 -10.069358 0.000000 0.000000 0.000000 1.000000
0.980717 -0.029489 0.193196 -0.282050 0.089016 0.947455 -0.307255 95.626671 -0.173984 0.318528 0.931810 -9.356929 0.000000 0.000000 0.000000 1.000000
0.984067 -0.021775 0.176458 -0.068758 0.070405 0.959067 -0.274287 96.029633 -0.163263 0.282341 0.945320 -8.578001 0.000000 0.000000 0.000000 1.000000
0.987301 -0.013708 0.158269 0.111590 0.052203 0.968938 -0.241729 96.395561 -0.150039 0.246922 0.957349 -7.756069 0.000000 0.000000 0.000000 1.000000
0.990502 -0.005856 0.137371 0.262711 0.034913 0.977059 -0.210087 96.721008 -0.132990 0.212888 0.967984 -6.924437 0.000000 0.000000 0.000000 1.000000
0.993509 0.001606 0.113746 0.388234 0.019004 0.983504 -0.179883 97.000114 -0.112158 0.180877 0.977090 -6.114572 0.000000 0.000000 0.000000 1.000000
0.996035 0.008653 0.088544 0.493864 0.004881 0.988445 -0.151504 97.227348 -0.088831 0.151336 0.984483 -5.345596 0.000000 0.000000 0.000000 1.000000
0.997872 0.015289 0.063393 0.582020 -0.007252 0.992116 -0.125115 97.404579 -0.064806 0.124389 0.990115 -4.623099 0.000000 0.000000 0.000000 1.000000
0.998981 0.021482 0.039691 0.654507 -0.017390 0.994764 -0.100705 97.540649 -0.041646 0.099912 0.994124 -3.944064 0.000000 0.000000 0.000000 1.000000
0.999467 0.027131 0.018175 0.714859 -0.025632 0.996608 -0.078196 97.645767 -0.020235 0.077688 0.996772 -3.304501 0.000000 0.000000 0.000000 1.000000
0.999479 0.032242 -0.001162 0.769746 -0.032256 0.997822 -0.057541 97.729195 -0.000695 0.057549 0.998342 -2.704971 0.000000 0.000000 0.000000 1.000000
0.999135 0.037090 -0.018801 0.821191 -0.037797 0.998532 -0.038797 97.799973 0.017334 0.039474 0.999070 -2.152379 0.000000 0.000000 0.000000 1.000000
0.998492 0.042135 -0.035188 0.866156 -0.042928 0.998834 -0.022084 97.863205 0.034216 0.023561 0.999137 -1.655143 0.000000 0.000000 0.000000 1.000000
0.997595 0.047694 -0.050303 0.905946 -0.048126 0.998814 -0.007414 97.919632 0.049890 0.009817 0.998706 -1.215766 0.000000 0.000000 0.000000 1.000000
0.996533 0.053601 -0.063627 0.941164 -0.053360 0.998560 0.005484 97.968018 0.063829 -0.002070 0.997959 -0.829795 0.000000 0.000000 0.000000 1.000000
0.995453 0.059233 -0.074593 0.972836 -0.058111 0.998163 0.017125 98.006729 0.075470 -0.012712 0.997067 -0.489255 0.000000 0.000000 0.000000 1.000000
0.994481 0.064011 -0.083125 1.004934 -0.061874 0.997690 0.028039 98.034615 0.084728 -0.022741 0.996145 -0.188404 0.000000 0.000000 0.000000 1.000000
0.993648 0.067897 -0.089740 1.039139 -0.064656 0.997163 0.038551 98.051956 0.092102 -0.032504 0.995219 0.072711 0.000000 0.000000 0.000000 1.000000
0.992904 0.071275 -0.095193 1.078262 -0.066868 0.996572 0.048722 98.061043 0.098340 -0.042011 0.994266 0.292575 0.000000 0.000000 0.000000 1.000000
0.992189 0.074453 -0.100088 1.128484 -0.068841 0.995916 0.058406 98.064392 0.104028 -0.051059 0.993263 0.474388 0.000000 0.000000 0.000000 1.000000
0.991484 0.077415 -0.104724 1.190623 -0.070593 0.995229 0.067354 98.064026 0.109439 -0.059387 0.992218 0.626464 0.000000 0.000000 0.000000 1.000000
0.990804 0.079990 -0.109125 1.262165 -0.071989 0.994552 0.075390 98.062218 0.114561 -0.066841 0.991165 0.759572 0.000000 0.000000 0.000000 1.000000
0.990183 0.082150 -0.113085 1.339357 -0.073029 0.993906 0.082565 98.060715 0.119179 -0.073496 0.990149 0.882761 0.000000 0.000000 0.000000 1.000000
0.989648 0.084062 -0.116323 1.412662 -0.073892 0.993274 0.089142 98.060913 0.123034 -0.079623 0.989203 0.999327 0.000000 0.000000 0.000000 1.000000
0.989202 0.085896 -0.118750 1.477312 -0.074746 0.992633 0.095357 98.062790 0.126066 -0.085451 0.988335 1.106741 0.000000 0.000000 0.000000 1.000000
0.988820 0.087692 -0.120600 1.537816 -0.075629 0.991987 0.101205 98.064919 0.128509 -0.090952 0.987529 1.198318 0.000000 0.000000 0.000000 1.000000
0.988471 0.089398 -0.122202 1.596104 -0.076489 0.991362 0.106537 98.064590 0.130671 -0.095962 0.986771 1.267317 0.000000 0.000000 0.000000 1.000000
0.988157 0.090917 -0.123611 1.652532 -0.077221 0.990770 0.111404 98.060669 0.132599 -0.100539 0.986058 1.314406 0.000000 0.000000 0.000000 1.000000
0.987931 0.092123 -0.124520 1.708776 -0.077693 0.990187 0.116160 98.053665 0.133999 -0.105084 0.985394 1.348461 0.000000 0.000000 0.000000 1.000000
0.987858 0.092932 -0.124503 1.760280 -0.077820 0.989575 0.121185 98.045334 0.134467 -0.110025 0.984791 1.377965 0.000000 0.000000 0.000000 1.000000
0.987965 0.093350 -0.123334 1.802610 -0.077643 0.988918 0.126542 98.037254 0.133780 -0.115443 0.984264 1.405609 0.000000 0.000000 0.000000 1.000000
0.988235 0.093433 -0.121082 1.839273 -0.077266 0.988240 0.131955 98.029449 0.131987 -0.121047 0.983833 1.429428 0.000000 0.000000 0.000000 1.000000
0.988634 0.093176 -0.117984 1.872529 -0.076722 0.987589 0.137045 98.020775 0.129289 -0.126436 0.983513 1.445565 0.000000 0.000000 0.000000 1.000000
0.989139 0.092479 -0.114245 1.904685 -0.075931 0.987015 0.141550 98.011063 0.125851 -0.131338 0.983317 1.452114 0.000000 0.000000 0.000000 1.000000
0.989741 0.091259 -0.109932 1.938676 -0.074819 0.986546 0.145360 98.001183 0.121719 -0.135644 0.983252 1.449965 0.000000 0.000000 0.000000 1.000000
0.990427 0.089586 -0.105018 1.971530 -0.073461 0.986186 0.148458 97.992241 0.116867 -0.139322 0.983327 1.440346 0.000000 0.000000 0.000000 1.000000
0.991165 0.087677 -0.099517 2.001075 -0.072066 0.985924 0.150867 97.984978 0.111344 -0.142363 0.983532 1.424612 0.000000 0.000000 0.000000 1.000000
0.991904 0.085771 -0.093648 2.027538 -0.070830 0.985744 0.152619 97.980042 0.105403 -0.144750 0.983838 1.403896 0.000000 0.000000 0.000000 1.000000
0.992580 0.084074 -0.087842 2.050778 -0.069882 0.985639 0.153726 97.977135 0.099504 -0.146446 0.984201 1.378070 0.000000 0.000000 0.000000 1.000000
0.993145 0.082694 -0.082611 2.071466 -0.069240 0.985610 0.154206 97.975281 0.094174 -0.147429 0.984579 1.346414 0.000000 0.000000 0.000000 1.000000
0.993585 0.081580 -0.078312 2.091688 -0.068777 0.985648 0.154169 97.973824 0.089765 -0.147794 0.984936 1.309099 0.000000 0.000000 0.000000 1.000000
0.993926 0.080587 -0.074950 2.110749 -0.068320 0.985728 0.153859 97.972275 0.086279 -0.147804 0.985246 1.267869 0.000000 0.000000 0.000000 1.000000
0.994220 0.079514 -0.072143 2.126864 -0.067694 0.985808 0.153625 97.969795 0.083334 -0.147853 0.985492 1.227643 0.000000 0.000000 0.000000 1.000000
0.994535 0.078114 -0.069274 2.138203 -0.066717 0.985843 0.153828 97.966438 0.080310 -0.148365 0.985666 1.196661 0.000000 0.000000 0.000000 1.000000
0.994923 0.076126 -0.065822 2.143348 -0.065194 0.985808 0.154700 97.963333 0.076665 -0.149624 0.985766 1.183153 0.000000 0.000000 0.000000 1.000000
0.995393 0.073404 -0.061683 2.146315 -0.063010 0.985712 0.156212 97.960823 0.072268 -0.151606 0.985796 1.190789 0.000000 0.000000 0.000000 1.000000
0.995902 0.070046 -0.057203 2.154457 -0.060242 0.985592 0.158051 97.958206 0.067450 -0.153957 0.985773 1.216319 0.000000 0.000000 0.000000 1.000000
0.996389 0.066421 -0.052889 2.169179 -0.057213 0.985493 0.159781 97.955200 0.062735 -0.156178 0.985735 1.251482 0.000000 0.000000 0.000000 1.000000
0.996804 0.063030 -0.049073 2.188010 -0.054381 0.985442 0.161078 97.951607 0.058511 -0.157894 0.985721 1.288509 0.000000 0.000000 0.000000 1.000000
0.997134 0.060241 -0.045759 2.207662 -0.052103 0.985425 0.161932 97.947990 0.054847 -0.159084 0.985740 1.324726 0.000000 0.000000 0.000000 1.000000
0.997406 0.057978 -0.042667 2.222548 -0.050318 0.985386 0.162735 97.944443 0.051478 -0.160166 0.985747 1.364034 0.000000 0.000000 0.000000 1.000000
0.997659 0.055812 -0.039521 2.229925 -0.048621 0.985262 0.163999 97.941017 0.048091 -0.161693 0.985669 1.412241 0.000000 0.000000 0.000000 1.000000
0.997901 0.053524 -0.036449 2.231382 -0.046779 0.985052 0.165786 97.937874 0.044777 -0.163733 0.985488 1.465893 0.000000 0.000000 0.000000 1.000000
0.998094 0.051461 -0.034052 2.227199 -0.045065 0.984851 0.167443 97.934845 0.042153 -0.165590 0.985293 1.507675 0.000000 0.000000 0.000000 1.000000
0.998192 0.050248 -0.032969 2.222214 -0.044023 0.984795 0.168048 97.930840 0.040912 -0.166293 0.985227 1.518500 0.000000 0.000000 0.000000 1.000000
0.998183 0.050216 -0.033316 2.222135 -0.043970 0.984948 0.167163 97.925697 0.041208 -0.165394 0.985366 1.493168 0.000000 0.000000 0.000000 1.000000
0.998101 0.051042 -0.034488 2.224465 -0.044674 0.985239 0.165252 97.920586 0.042414 -0.163397 0.985648 1.445956 0.000000 0.000000 0.000000 1.000000
0.998019 0.051909 -0.035538 2.226774 -0.045442 0.985521 0.163351 97.915848 0.043503 -0.161412 0.985928 1.403349 0.000000 0.000000 0.000000 1.000000
0.997998 0.052151 -0.035789 2.229222 -0.045688 0.985685 0.162286 97.911072 0.043740 -0.160326 0.986095 1.386065 0.000000 0.000000 0.000000 1.000000
0.998043 0.051708 -0.035168 2.228421 -0.045355 0.985717 0.162185 97.906990 0.043052 -0.160273 0.986133 1.396801 0.000000 0.000000 0.000000 1.000000
0.998119 0.050966 -0.034068 2.222152 -0.044780 0.985670 0.162632 97.903481 0.041869 -0.160800 0.986098 1.424926 0.000000 0.000000 0.000000 1.000000
0.998187 0.050365 -0.032966 2.212139 -0.044342 0.985607 0.163136 97.899879 0.040707 -0.161378 0.986053 1.458169 0.000000 0.000000 0.000000 1.000000
0.998227 0.050081 -0.032161 2.198458 -0.044179 0.985559 0.163467 97.896263 0.039883 -0.161756 0.986025 1.489817 0.000000 0.000000 0.000000 1.000000
0.998246 0.049980 -0.031736 2.183291 -0.044139 0.985525 0.163682 97.892235 0.039457 -0.161994 0.986003 1.520497 0.000000 0.000000 0.000000 1.000000
0.998258 0.049795 -0.031634 2.171404 -0.043963 0.985488 0.163955 97.887222 0.039339 -0.162278 0.985961 1.554570 0.000000 0.000000 0.000000 1.000000
0.998277 0.049337 -0.031747 2.163719 -0.043474 0.985435 0.164401 97.881302 0.039396 -0.162737 0.985883 1.595231 0.000000 0.000000 0.000000 1.000000
0.998310 0.048521 -0.031977 2.160175 -0.042606 0.985370 0.165019 97.874992 0.039516 -0.163378 0.985772 1.643280 0.000000 0.000000 0.000000 1.000000
0.998357 0.047376 -0.032235 2.160298 -0.041406 0.985303 0.165721 97.868317 0.039612 -0.164114 0.985646 1.697186 0.000000 0.000000 0.000000 1.000000
0.998413 0.046046 -0.032431 2.160164 -0.040034 0.985249 0.166380 97.861977 0.039613 -0.164817 0.985528 1.753285 0.000000 0.000000 0.000000 1.000000
0.998470 0.044745 -0.032498 2.156829 -0.038720 0.985216 0.166884 97.856377 0.039485 -0.165370 0.985441 1.807730 0.000000 0.000000 0.000000 1.000000
0.998520 0.043666 -0.032435 2.149795 -0.037653 0.985208 0.167177 97.851318 0.039255 -0.165708 0.985393 1.858399 0.000000 0.000000 0.000000 1.000000
0.998557 0.042891 -0.032308 2.137556 -0.036906 0.985219 0.167277 97.846542 0.039006 -0.165843 0.985380 1.905117 0.000000 0.000000 0.000000 1.000000
0.998583 0.042369 -0.032201 2.123242 -0.036409 0.985240 0.167262 97.841743 0.038813 -0.165852 0.985387 1.949706 0.000000 0.000000 0.000000 1.000000
0.998603 0.041940 -0.032142 2.110071 -0.035997 0.985259 0.167241 97.836845 0.038683 -0.165850 0.985392 1.993824 0.000000 0.000000 0.000000 1.000000
0.998626 0.041429 -0.032083 2.095376 -0.035500 0.985266 0.167307 97.831787 0.038542 -0.165938 0.985383 2.037694 0.000000 0.000000 0.000000 1.000000
0.998659 0.040760 -0.031928 2.078666 -0.034858 0.985256 0.167496 97.826523 0.038285 -0.166159 0.985356 2.082071 0.000000 0.000000 0.000000 1.000000
0.998700 0.039986 -0.031601 2.060440 -0.034137 0.985231 0.167793 97.821396 0.037843 -0.166496 0.985316 2.128619 0.000000 0.000000 0.000000 1.000000
0.998747 0.039203 -0.031093 2.037868 -0.033436 0.985194 0.168152 97.816528 0.037225 -0.166902 0.985271 2.178922 0.000000 0.000000 0.000000 1.000000
0.998795 0.038487 -0.030460 2.012683 -0.032821 0.985149 0.168537 97.812218 0.036494 -0.167334 0.985225 2.235029 0.000000 0.000000 0.000000 1.000000
0.998839 0.037868 -0.029781 1.989395 -0.032311 0.985101 0.168913 97.808647 0.035733 -0.167755 0.985181 2.297684 0.000000 0.000000 0.000000 1.000000
0.998877 0.037384 -0.029120 1.967300 -0.031934 0.985061 0.169222 97.805222 0.035011 -0.168102 0.985148 2.363581 0.000000 0.000000 0.000000 1.000000
0.998904 0.037089 -0.028545 1.946256 -0.031734 0.985044 0.169354 97.800301 0.034399 -0.168263 0.985142 2.425933 0.000000 0.000000 0.000000 1.000000
0.998920 0.036975 -0.028141 1.928475 -0.031697 0.985075 0.169179 97.792114 0.033976 -0.168104 0.985183 2.476954 0.000000 0.000000 0.000000 1.000000
0.998928 0.036898 -0.027951 1.912579 -0.031671 0.985167 0.168648 97.781631 0.033759 -0.167582 0.985280 2.512302 0.000000 0.000000 0.000000 1.000000
0.998945 0.036497 -0.027881 1.897690 -0.031312 0.985302 0.167927 97.771820 0.033600 -0.166877 0.985405 2.537586 0.000000 0.000000 0.000000 1.000000
0.998993 0.035330 -0.027645 1.883956 -0.030220 0.985432 0.167363 97.765228 0.033155 -0.166359 0.985508 2.567481 0.000000 0.000000 0.000000 1.000000
0.999088 0.033187 -0.026877 1.868068 -0.028239 0.985520 0.167192 97.763306 0.032036 -0.166280 0.985558 2.614682 0.000000 0.000000 0.000000 1.000000
0.999218 0.030320 -0.025365 1.849840 -0.025659 0.985575 0.167285 97.765480 0.030071 -0.166503 0.985582 2.681311 0.000000 0.000000 0.000000 1.000000
0.999357 0.027376 -0.023135 1.832800 -0.023128 0.985636 0.167293 97.769684 0.027382 -0.166650 0.985636 2.760992 0.000000 0.000000 0.000000 1.000000
0.999479 0.025015 -0.020386 1.815474 -0.021264 0.985720 0.167043 97.772995 0.024273 -0.166523 0.985739 2.846434 0.000000 0.000000 0.000000 1.000000
0.999574 0.023434 -0.017426 1.796926 -0.020204 0.985795 0.166731 97.773407 0.021086 -0.166308 0.985848 2.934680 0.000000 0.000000 0.000000 1.000000
0.999648 0.022171 -0.014595 1.778490 -0.019430 0.985815 0.166708 97.771225 0.018084 -0.166366 0.985898 3.024223 0.000000 0.000000 0.000000 1.000000
0.999721 0.020293 -0.012106 1.757597 -0.017986 0.985774 0.167114 97.767410 0.015325 -0.166849 0.985863 3.110304 0.000000 0.000000 0.000000 1.000000
0.999806 0.017089 -0.009842 1.732205 -0.015197 0.985710 0.167766 97.762611 0.012569 -0.167584 0.985778 3.188259 0.000000 0.000000 0.000000 1.000000
0.999891 0.012810 -0.007333 1.700660 -0.011393 0.985654 0.168391 97.757828 0.009385 -0.168289 0.985693 3.259502 0.000000 0.000000 0.000000 1.000000
0.999955 0.008544 -0.004002 1.655639 -0.007746 0.985613 0.168838 97.755058 0.005387 -0.168799 0.985636 3.331056 0.000000 0.000000 0.000000 1.000000
0.999986 0.005199 0.000445 1.592053 -0.005199 0.985591 0.169068 97.755241 0.000440 -0.169068 0.985604 3.409826 0.000000 0.000000 0.000000 1.000000
0.999979 0.002747 0.005823 1.512631 -0.003692 0.985593 0.169093 97.758827 -0.005274 -0.169111 0.985583 3.497039 0.000000 0.000000 0.000000 1.000000
0.999932 0.000481 0.011610 1.420374 -0.002437 0.985614 0.168995 97.765968 -0.011362 -0.169012 0.985549 3.587899 0.000000 0.000000 0.000000 1.000000
0.999849 -0.002271 0.017256 1.318653 -0.000677 0.985623 0.168958 97.774384 -0.017391 -0.168944 0.985472 3.677492 0.000000 0.000000 0.000000 1.000000
0.999732 -0.005601 0.022476 1.211726 0.001718 0.985584 0.169179 97.780502 -0.023100 -0.169095 0.985329 3.765007 0.000000 0.000000 0.000000 1.000000
0.999584 -0.009080 0.027376 1.098011 0.004302 0.985470 0.169792 97.782501 -0.028520 -0.169604 0.985100 3.851972 0.000000 0.000000 0.000000 1.000000
0.999404 -0.012300 0.032268 0.975171 0.006610 0.985275 0.170849 97.780884 -0.033894 -0.170533 0.984769 3.939306 0.000000 0.000000 0.000000 1.000000
0.999185 -0.015223 0.037387 0.843518 0.008560 0.985007 0.172299 97.778290 -0.039450 -0.171839 0.984335 4.025226 0.000000 0.000000 0.000000 1.000000
0.998924 -0.018092 0.042701 0.702842 0.010398 0.984696 0.173968 97.778130 -0.045195 -0.173337 0.983825 4.105305 0.000000 0.000000 0.000000 1.000000
0.998625 -0.021168 0.047952 0.557431 0.012435 0.984386 0.175582 97.781403 -0.050920 -0.174744 0.983296 4.175904 0.000000 0.000000 0.000000 1.000000
0.998300 -0.024505 0.052884 0.413848 0.014787 0.984122 0.176877 97.786850 -0.056378 -0.175794 0.982811 4.235911 0.000000 0.000000 0.000000 1.000000
0.997963 -0.027955 0.057349 0.273300 0.017349 0.983928 0.177721 97.792976 -0.061395 -0.176364 0.982408 4.284721 0.000000 0.000000 0.000000 1.000000
0.997632 -0.031348 0.061225 0.136661 0.019980 0.983798 0.178166 97.797798 -0.065818 -0.176521 0.982094 4.320662 0.000000 0.000000 0.000000 1.000000
0.997325 -0.034622 0.064381 0.006853 0.022634 0.983701 0.178384 97.800247 -0.069508 -0.176450 0.981852 4.341812 0.000000 0.000000 0.000000 1.000000
0.997049 -0.037726 0.066856 -0.117294 0.025247 0.983612 0.178522 97.802040 -0.072496 -0.176307 0.981662 4.348696 0.000000 0.000000 0.000000 1.000000
0.996794 -0.040562 0.068970 -0.239353 0.027665 0.983532 0.178602 97.805359 -0.075079 -0.176121 0.981501 4.346121 0.000000 0.000000 0.000000 1.000000
0.996534 -0.043084 0.071154 -0.361454 0.029772 0.983484 0.178531 97.809624 -0.077671 -0.175794 0.981358 4.340281 0.000000 0.000000 0.000000 1.000000
0.996249 -0.045349 0.073703 -0.485522 0.031584 0.983488 0.178198 97.812935 -0.080567 -0.175202 0.981230 4.334189 0.000000 0.000000 0.000000 1.000000
0.995924 -0.047523 0.076661 -0.609679 0.033262 0.983543 0.177589 97.812042 -0.083838 -0.174315 0.981114 4.327954 0.000000 0.000000 0.000000 1.000000
0.995557 -0.049756 0.079945 -0.730681 0.034957 0.983616 0.176856 97.804756 -0.087434 -0.173276 0.980985 4.322464 0.000000 0.000000 0.000000 1.000000
0.995144 -0.052023 0.083556 -0.851082 0.036622 0.983658 0.176281 97.794540 -0.091361 -0.172365 0.980787 4.322259 0.000000 0.000000 0.000000 1.000000
0.994682 -0.054261 0.087539 -0.973542 0.038155 0.983623 0.176151 97.784851 -0.095664 -0.171875 0.980463 4.334700 0.000000 0.000000 0.000000 1.000000
0.994178 -0.056475 0.091762 -1.094160 0.039564 0.983481 0.176637 97.777893 -0.100222 -0.171978 0.979989 4.364567 0.000000 0.000000 0.000000 1.000000
0.993666 -0.058757 0.095789 -1.207386 0.041009 0.983229 0.177706 97.774414 -0.104624 -0.172652 0.979411 4.408508 0.000000 0.000000 0.000000 1.000000
0.993200 -0.061139 0.099074 -1.307255 0.042635 0.982899 0.179142 97.771912 -0.108332 -0.173700 0.978822 4.456498 0.000000 0.000000 0.000000 1.000000
0.992830 -0.063457 0.101304 -1.390812 0.044364 0.982542 0.180675 97.768173 -0.111000 -0.174885 0.978312 4.497631 0.000000 0.000000 0.000000 1.000000
0.992569 -0.065438 0.102588 -1.464632 0.045932 0.982204 0.182114 97.761734 -0.112679 -0.176049 0.977911 4.525170 0.000000 0.000000 0.000000 1.000000
0.992394 -0.066895 0.103342 -1.535894 0.047090 0.981910 0.183398 97.752289 -0.113741 -0.177137 0.977592 4.539985 0.000000 0.000000 0.000000 1.000000
0.992262 -0.067843 0.103991 -1.605749 0.047778 0.981662 0.184545 97.740585 -0.114604 -0.178149 0.977307 4.548995 0.000000 0.000000 0.000000 1.000000
0.992145 -0.068440 0.104712 -1.674001 0.048115 0.981449 0.185588 97.727936 -0.115471 -0.179092 0.977032 4.559198 0.000000 0.000000 0.000000 1.000000
0.992045 -0.068871 0.105370 -1.736605 0.048310 0.981261 0.186531 97.716003 -0.116242 -0.179956 0.976782 4.573805 0.000000 0.000000 0.000000 1.000000
0.991988 -0.069257 0.105656 -1.786948 0.048542 0.981092 0.187355 97.706230 -0.116634 -0.180726 0.976593 4.590691 0.000000 0.000000 0.000000 1.000000
0.991998 -0.069627 0.105318 -1.824420 0.048885 0.980941 0.188058 97.699333 -0.116404 -0.181404 0.976495 4.603773 0.000000 0.000000 0.000000 1.000000
0.992079 -0.069937 0.104348 -1.850639 0.049296 0.980801 0.188679 97.695457 -0.115541 -0.182041 0.976479 4.609340 0.000000 0.000000 0.000000 1.000000
0.992203 -0.070122 0.103035 -1.867152 0.049650 0.980665 0.189289 97.693733 -0.114316 -0.182698 0.976501 4.610548 0.000000 0.000000 0.000000 1.000000
0.992330 -0.070114 0.101809 -1.879775 0.049793 0.980531 0.189947 97.691498 -0.113145 -0.183420 0.976501 4.614841 0.000000 0.000000 0.000000 1.000000
0.992432 -0.069901 0.100957 -1.891908 0.049656 0.980395 0.190682 97.687180 -0.112307 -0.184226 0.976447 4.628491 0.000000 0.000000 0.000000 1.000000
0.992509 -0.069535 0.100455 -1.900771 0.049296 0.980257 0.191485 97.681038 -0.111786 -0.185098 0.976341 4.651623 0.000000 0.000000 0.000000 1.000000
0.992580 -0.069117 0.100039 -1.904987 0.048867 0.980117 0.192308 97.674004 -0.111342 -0.185993 0.976222 4.677239 0.000000 0.000000 0.000000 1.000000
0.992667 -0.068774 0.099407 -1.902557 0.048558 0.979977 0.193098 97.665619 -0.110697 -0.186855 0.976131 4.696239 0.000000 0.000000 0.000000 1.000000
0.992779 -0.068553 0.098442 -1.890192 0.048442 0.979841 0.193815 97.654709 -0.109744 -0.187646 0.976087 4.703511 0.000000 0.000000 0.000000 1.000000
0.992899 -0.068409 0.097328 -1.871688 0.048441 0.979718 0.194436 97.641548 -0.108655 -0.188341 0.976075 4.701082 0.000000 0.000000 0.000000 1.000000
0.993001 -0.068252 0.096392 -1.852227 0.048408 0.979617 0.194954 97.627808 -0.107733 -0.188924 0.976064 4.696712 0.000000 0.000000 0.000000 1.000000
0.993077 -0.068049 0.095744 -1.832103 0.048285 0.979539 0.195379 97.615891 -0.107080 -0.189403 0.976043 4.695985 0.000000 0.000000 0.000000 1.000000
0.993149 -0.067866 0.095122 -1.811062 0.048183 0.979470 0.195747 97.607452 -0.106454 -0.189822 0.976030 4.695718 0.000000 0.000000 0.000000 1.000000
0.993241 -0.067817 0.094199 -1.786779 0.048271 0.979390 0.196125 97.602356 -0.105558 -0.190252 0.976044 4.689062 0.000000 0.000000 0.000000 1.000000
0.993345 -0.067969 0.092980 -1.757756 0.048607 0.979283 0.196575 97.598984 -0.104415 -0.190747 0.976070 4.674242 0.000000 0.000000 0.000000 1.000000
0.993433 -0.068253 0.091833 -1.729287 0.049051 0.979154 0.197106 97.595535 -0.103372 -0.191307 0.976072 4.655668 0.000000 0.000000 0.000000 1.000000
0.993478 -0.068519 0.091144 -1.704673 0.049388 0.979024 0.197667 97.591446 -0.102776 -0.191876 0.976023 4.639781 0.000000 0.000000 0.000000 1.000000
0.993479 -0.068677 0.091014 -1.682914 0.049514 0.978914 0.198183 97.586884 -0.102706 -0.192384 0.975930 4.630033 0.000000 0.000000 0.000000 1.000000
0.993452 -0.068744 0.091256 -1.665788 0.049489 0.978830 0.198600 97.582222 -0.102976 -0.192783 0.975823 4.624828 0.000000 0.000000 0.000000 1.000000
0.993417 -0.068825 0.091579 -1.652498 0.049472 0.978766 0.198921 97.577507 -0.103325 -0.193081 0.975727 4.620739 0.000000 0.000000 0.000000 1.000000
0.993382 -0.069036 0.091795 -1.639920 0.049610 0.978706 0.199184 97.573563 -0.103591 -0.193311 0.975653 4.615447 0.000000 0.000000 0.000000 1.000000
0.993345 -0.069425 0.091896 -1.629938 0.049949 0.978641 0.199418 97.570450 -0.103778 -0.193501 0.975596 4.608084 0.000000 0.000000 0.000000 1.000000
0.993303 -0.070022 0.091901 -1.624342 0.050510 0.978562 0.199663 97.570511 -0.103911 -0.193684 0.975545 4.598149 0.000000 0.000000 0.000000 1.000000</float_array>
        <technique_common>
          <accessor source="#mixamorig_Hips-Matrix-animation-output-transform-array" count="217" stride="16">
            <param type="float4x4"/>
          </accessor>
        </technique_common>
      </source>
      <source id="mixamorig_Hips-Interpolations">
        <Name_array id="mixamorig_Hips-Interpolations-array" count="217">
 LINEAR LINEAR LINEAR LINEAR LINEAR LINEAR LINEAR LINEAR LINEAR LINEAR LINEAR
LINEAR LINEAR LINEAR LINEAR LINEAR LINEAR LINEAR LINEAR LINEAR LINEAR LINEAR LINEAR
LINEAR LINEAR LINEAR LINEAR LINEAR LINEAR LINEAR LINEAR LINEAR LINEAR LINEAR LINEAR
LINEAR LINEAR LINEAR LINEAR LINEAR LINEAR LINEAR LINEAR LINEAR LINEAR LINEAR LINEAR
LINEAR LINEAR LINEAR LINEAR LINEAR LINEAR LINEAR LINEAR LINEAR LINEAR LINEAR LINEAR
LINEAR LINEAR LINEAR LINEAR LINEAR LINEAR LINEAR LINEAR LINEAR LINEAR LINEAR LINEAR
LINEAR LINEAR LINEAR LINEAR LINEAR LINEAR LINEAR LINEAR LINEAR LINEAR LINEAR LINEAR
LINEAR LINEAR LINEAR LINEAR LINEAR LINEAR LINEAR LINEAR LINEAR LINEAR LINEAR LINEAR
LINEAR LINEAR LINEAR LINEAR LINEAR LINEAR LINEAR LINEAR LINEAR LINEAR LINEAR LINEAR
LINEAR LINEAR LINEAR LINEAR LINEAR LINEAR LINEAR LINEAR LINEAR LINEAR LINEAR LINEAR
LINEAR LINEAR LINEAR LINEAR LINEAR LINEAR LINEAR LINEAR LINEAR LINEAR LINEAR LINEAR
LINEAR LINEAR LINEAR LINEAR LINEAR LINEAR LINEAR LINEAR LINEAR LINEAR LINEAR LINEAR
LINEAR LINEAR LINEAR LINEAR LINEAR LINEAR LINEAR LINEAR LINEAR LINEAR LINEAR LINEAR
LINEAR LINEAR LINEAR LINEAR LINEAR LINEAR LINEAR LINEAR LINEAR LINEAR LINEAR LINEAR
LINEAR LINEAR LINEAR LINEAR LINEAR LINEAR LINEAR LINEAR LINEAR LINEAR LINEAR LINEAR
LINEAR LINEAR LINEAR LINEAR LINEAR LINEAR LINEAR LINEAR LINEAR LINEAR LINEAR LINEAR
LINEAR LINEAR LINEAR LINEAR LINEAR LINEAR LINEAR LINEAR LINEAR LINEAR LINEAR LINEAR
LINEAR LINEAR LINEAR LINEAR LINEAR LINEAR LINEAR LINEAR LINEAR LINEAR LINEAR LINEAR
LINEAR LINEAR</Name_array>
        <technique_common>
          <accessor source="#mixamorig_Hips-Interpolations-array" count="217">
            <param type="name"/>
          </accessor>
        </technique_common>
      </source>
      <sampler id="mixamorig_Hips-Matrix-animation-transform">
        <input semantic="INPUT" source="#mixamorig_Hips-Matrix-animation-input"/>
        <input semantic="OUTPUT" source="#mixamorig_Hips-Matrix-animation-output-transform"/>
        <input semantic="INTERPOLATION" source="#mixamorig_Hips-Interpolations"/>
      </sampler>
      <channel source="#mixamorig_Hips-Matrix-animation-transform" target="mixamorig_Hips/matrix"/>
    </animation>
    <animation id="mixamorig_Spine-anim" name="mixamorig_Spine">
      <source id="mixamorig_Spine-Matrix-animation-input">
        <float_array id="mixamorig_Spine-Matrix-animation-input-array" count="217">

0.000000 0.033333 0.066667 0.100000 0.133333 0.166667 0.200000 0.233333 0.266667 0.300000 0.333333 0.366667 0.400000 0.433333 0.466667 0.500000
0.533333 0.566667 0.600000 0.633333 0.666667 0.700000 0.733333 0.766667 0.800000 0.833333 0.866667 0.900000 0.933333 0.966667 1.000000 1.033333
1.066667 1.100000 1.133333 1.166667 1.200000 1.233333 1.266667 1.300000 1.333333 1.366667 1.400000 1.433333 1.466667 1.500000 1.533333 1.566667
1.600000 1.633333 1.666667 1.700000 1.733333 1.766667 1.800000 1.833333 1.866667 1.900000 1.933333 1.966667 2.000000 2.033333 2.066667 2.100000
2.133333 2.166667 2.200000 2.233333 2.266667 2.300000 2.333333 2.366667 2.400000 2.433333 2.466667 2.500000 2.533333 2.566667 2.600000 2.633333
2.666667 2.700000 2.733333 2.766667 2.800000 2.833333 2.866667 2.900000 2.933333 2.966667 3.000000 3.033333 3.066667 3.100000 3.133333 3.166667
3.200000 3.233333 3.266667 3.300000 3.333333 3.366667 3.400000 3.433333 3.466667 3.500000 3.533333 3.566667 3.600000 3.633333 3.666667 3.700000
3.733333 3.766667 3.800000 3.833333 3.866667 3.900000 3.933333 3.966667 4.000000 4.033333 4.066667 4.100000 4.133333 4.166667 4.200000 4.233333
4.266667 4.300000 4.333333 4.366667 4.400000 4.433333 4.466667 4.500000 4.533333 4.566667 4.600000 4.633333 4.666667 4.700000 4.733333 4.766667
4.800000 4.833333 4.866667 4.900000 4.933333 4.966667 5.000000 5.033333 5.066667 5.100000 5.133333 5.166667 5.200000 5.233333 5.266667 5.300000
5.333333 5.366667 5.400000 5.433333 5.466667 5.500000 5.533333 5.566667 5.600000 5.633333 5.666667 5.700000 5.733333 5.766667 5.800000 5.833333
5.866667 5.900000 5.933333 5.966667 6.000000 6.033333 6.066667 6.100000 6.133333 6.166667 6.200000 6.233333 6.266667 6.300000 6.333333 6.366667
